,DS_Struct,DS_NonStruct_DriftSen,DS_NonStruct_AccelSen,RepairCost_Total,RepairCost_Struct,RepairCost_NonStruct_DriftSen,RepairCost_NonStruct_AccelSen,RepairTime,RecoveryTime,FunctionLossTime
0,None,Moderate,None,150201.09392319998,0.0,150201.09392319998,0.0,0,0,0.0
1,None,Slight,None,30040.218784639994,0.0,30040.218784639994,0.0,0,0,0.0
2,Slight,Slight,None,45060.32817695999,15020.109392319997,30040.218784639994,0.0,2,5,0.0
3,Slight,None,None,15020.109392319997,15020.109392319997,0.0,0.0,2,5,0.0
4,Slight,Slight,None,45060.32817695999,15020.109392319997,30040.218784639994,0.0,2,5,0.0
5,Slight,None,None,15020.109392319997,15020.109392319997,0.0,0.0,2,5,0.0
6,Slight,Moderate,None,165221.20331552,15020.109392319997,150201.09392319998,0.0,2,5,0.0
7,Slight,Slight,Slight,90120.65635391999,15020.109392319997,30040.218784639994,45060.32817695999,2,5,0.0
8,None,None,None,0.0,0.0,0.0,0.0,0,0,0.0
9,Moderate,Moderate,None,219293.59712787197,69092.50320467199,150201.09392319998,0.0,30,120,60.0
10,Moderate,Moderate,None,219293.59712787197,69092.50320467199,150201.09392319998,0.0,30,120,60.0
11,Moderate,Moderate,Moderate,450603.28176959994,69092.50320467199,150201.09392319998,231309.68464172797,30,120,60.0
12,Slight,None,None,15020.109392319997,15020.109392319997,0.0,0.0,2,5,0.0
13,None,None,None,0.0,0.0,0.0,0.0,0,0,0.0
14,Slight,Slight,None,45060.32817695999,15020.109392319997,30040.218784639994,0.0,2,5,0.0
15,None,Slight,None,30040.218784639994,0.0,30040.218784639994,0.0,0,0,0.0
16,Slight,Slight,None,45060.32817695999,15020.109392319997,30040.218784639994,0.0,2,5,0.0
17,None,Slight,Slight,75100.54696159999,0.0,30040.218784639994,45060.32817695999,0,0,0.0
18,Complete,Complete,Complete,4506032.817695999,702941.1195605758,1502010.9392319997,2301080.7589034233,180,720,720.0
19,Slight,Moderate,None,165221.20331552,15020.109392319997,150201.09392319998,0.0,2,5,0.0
20,Slight,Slight,None,45060.32817695999,15020.109392319997,30040.218784639994,0.0,2,5,0.0
21,Slight,Slight,None,45060.32817695999,15020.109392319997,30040.218784639994,0.0,2,5,0.0
22,None,None,None,0.0,0.0,0.0,0.0,0,0,0.0
23,Slight,Slight,None,45060.32817695999,15020.109392319997,30040.218784639994,0.0,2,5,0.0
24,Slight,Moderate,None,165221.20331552,15020.109392319997,150201.09392319998,0.0,2,5,0.0
25,Moderate,Moderate,Slight,264353.92530483194,69092.50320467199,150201.09392319998,45060.32817695999,30,120,60.0
26,Slight,Slight,None,45060.32817695999,15020.109392319997,30040.218784639994,0.0,2,5,0.0
27,Slight,Moderate,Moderate,396530.88795724796,15020.109392319997,150201.09392319998,231309.68464172797,2,5,0.0
28,Slight,Slight,None,45060.32817695999,15020.109392319997,30040.218784639994,0.0,2,5,0.0
29,None,None,None,0.0,0.0,0.0,0.0,0,0,0.0
30,Slight,None,None,15020.109392319997,15020.109392319997,0.0,0.0,2,5,0.0
31,None,None,None,0.0,0.0,0.0,0.0,0,0,0.0
32,Slight,None,None,15020.109392319997,15020.109392319997,0.0,0.0,2,5,0.0
33,Slight,Moderate,None,165221.20331552,15020.109392319997,150201.09392319998,0.0,2,5,0.0
34,Slight,Slight,None,45060.32817695999,15020.109392319997,30040.218784639994,0.0,2,5,0.0
35,None,Slight,None,30040.218784639994,0.0,30040.218784639994,0.0,0,0,0.0
36,None,None,None,0.0,0.0,0.0,0.0,0,0,0.0
37,Moderate,Slight,None,99132.72198931198,69092.50320467199,30040.218784639994,0.0,30,120,60.0
38,Complete,Complete,Complete,4506032.817695999,702941.1195605758,1502010.9392319997,2301080.7589034233,180,720,720.0
39,Slight,Moderate,None,165221.20331552,15020.109392319997,150201.09392319998,0.0,2,5,0.0
40,None,None,None,0.0,0.0,0.0,0.0,0,0,0.0
41,Complete,Complete,Complete,4506032.817695999,702941.1195605758,1502010.9392319997,2301080.7589034233,180,720,720.0
42,None,None,None,0.0,0.0,0.0,0.0,0,0,0.0
43,None,None,None,0.0,0.0,0.0,0.0,0,0,0.0
44,None,None,None,0.0,0.0,0.0,0.0,0,0,0.0
45,None,Slight,None,30040.218784639994,0.0,30040.218784639994,0.0,0,0,0.0
46,Slight,Slight,Slight,90120.65635391999,15020.109392319997,30040.218784639994,45060.32817695999,2,5,0.0
47,Extensive,Extensive,None,1102476.0293962876,351470.5597802879,751005.4696159998,0.0,90,360,360.0
48,Slight,Moderate,Slight,210281.53149248,15020.109392319997,150201.09392319998,45060.32817695999,2,5,0.0
49,None,Slight,None,30040.218784639994,0.0,30040.218784639994,0.0,0,0,0.0
50,None,None,Moderate,231309.68464172797,0.0,0.0,231309.68464172797,0,0,0.0
51,Slight,Moderate,None,165221.20331552,15020.109392319997,150201.09392319998,0.0,2,5,0.0
52,Slight,None,None,15020.109392319997,15020.109392319997,0.0,0.0,2,5,0.0
53,Complete,Complete,Complete,4506032.817695999,702941.1195605758,1502010.9392319997,2301080.7589034233,180,720,720.0
54,None,Slight,None,30040.218784639994,0.0,30040.218784639994,0.0,0,0,0.0
55,Slight,None,None,15020.109392319997,15020.109392319997,0.0,0.0,2,5,0.0
56,None,None,None,0.0,0.0,0.0,0.0,0,0,0.0
57,Slight,Moderate,None,165221.20331552,15020.109392319997,150201.09392319998,0.0,2,5,0.0
58,Slight,Slight,None,45060.32817695999,15020.109392319997,30040.218784639994,0.0,2,5,0.0
59,None,None,None,0.0,0.0,0.0,0.0,0,0,0.0
60,Slight,Moderate,None,165221.20331552,15020.109392319997,150201.09392319998,0.0,2,5,0.0
61,Slight,Slight,Slight,90120.65635391999,15020.109392319997,30040.218784639994,45060.32817695999,2,5,0.0
62,None,None,None,0.0,0.0,0.0,0.0,0,0,0.0
63,Slight,Moderate,None,165221.20331552,15020.109392319997,150201.09392319998,0.0,2,5,0.0
64,Slight,Moderate,None,165221.20331552,15020.109392319997,150201.09392319998,0.0,2,5,0.0
65,Slight,Moderate,None,165221.20331552,15020.109392319997,150201.09392319998,0.0,2,5,0.0
66,None,None,None,0.0,0.0,0.0,0.0,0,0,0.0
67,Slight,Extensive,Moderate,997335.2636500478,15020.109392319997,751005.4696159998,231309.68464172797,2,5,0.0
68,Slight,Slight,None,45060.32817695999,15020.109392319997,30040.218784639994,0.0,2,5,0.0
69,None,None,None,0.0,0.0,0.0,0.0,0,0,0.0
70,Slight,Slight,None,45060.32817695999,15020.109392319997,30040.218784639994,0.0,2,5,0.0
71,Slight,Slight,None,45060.32817695999,15020.109392319997,30040.218784639994,0.0,2,5,0.0
72,Slight,None,None,15020.109392319997,15020.109392319997,0.0,0.0,2,5,0.0
73,None,Slight,None,30040.218784639994,0.0,30040.218784639994,0.0,0,0,0.0
74,None,None,None,0.0,0.0,0.0,0.0,0,0,0.0
75,Slight,Moderate,Moderate,396530.88795724796,15020.109392319997,150201.09392319998,231309.68464172797,2,5,0.0
76,Slight,Moderate,Moderate,396530.88795724796,15020.109392319997,150201.09392319998,231309.68464172797,2,5,0.0
77,Moderate,Moderate,None,219293.59712787197,69092.50320467199,150201.09392319998,0.0,30,120,60.0
78,Complete,Complete,Complete,4506032.817695999,702941.1195605758,1502010.9392319997,2301080.7589034233,180,720,720.0
79,Slight,None,None,15020.109392319997,15020.109392319997,0.0,0.0,2,5,0.0
80,None,None,None,0.0,0.0,0.0,0.0,0,0,0.0
81,None,None,None,0.0,0.0,0.0,0.0,0,0,0.0
82,None,None,None,0.0,0.0,0.0,0.0,0,0,0.0
83,Slight,Slight,None,45060.32817695999,15020.109392319997,30040.218784639994,0.0,2,5,0.0
84,None,Slight,None,30040.218784639994,0.0,30040.218784639994,0.0,0,0,0.0
85,Slight,Moderate,None,165221.20331552,15020.109392319997,150201.09392319998,0.0,2,5,0.0
86,Slight,Slight,None,45060.32817695999,15020.109392319997,30040.218784639994,0.0,2,5,0.0
87,Moderate,Moderate,Slight,264353.92530483194,69092.50320467199,150201.09392319998,45060.32817695999,30,120,60.0
88,None,None,None,0.0,0.0,0.0,0.0,0,0,0.0
89,Slight,None,None,15020.109392319997,15020.109392319997,0.0,0.0,2,5,0.0
90,None,None,None,0.0,0.0,0.0,0.0,0,0,0.0
91,Slight,None,None,15020.109392319997,15020.109392319997,0.0,0.0,2,5,0.0
92,None,None,None,0.0,0.0,0.0,0.0,0,0,0.0
93,Slight,Slight,None,45060.32817695999,15020.109392319997,30040.218784639994,0.0,2,5,0.0
94,Slight,None,None,15020.109392319997,15020.109392319997,0.0,0.0,2,5,0.0
95,None,Slight,None,30040.218784639994,0.0,30040.218784639994,0.0,0,0,0.0
96,Slight,None,None,15020.109392319997,15020.109392319997,0.0,0.0,2,5,0.0
97,None,None,None,0.0,0.0,0.0,0.0,0,0,0.0
98,None,None,None,0.0,0.0,0.0,0.0,0,0,0.0
99,None,None,None,0.0,0.0,0.0,0.0,0,0,0.0
100,Slight,Slight,None,45060.32817695999,15020.109392319997,30040.218784639994,0.0,2,5,0.0
101,None,None,None,0.0,0.0,0.0,0.0,0,0,0.0
102,None,None,None,0.0,0.0,0.0,0.0,0,0,0.0
103,Slight,Moderate,None,165221.20331552,15020.109392319997,150201.09392319998,0.0,2,5,0.0
104,None,None,None,0.0,0.0,0.0,0.0,0,0,0.0
105,Moderate,Complete,None,1571103.4424366716,69092.50320467199,1502010.9392319997,0.0,30,120,60.0
106,None,None,None,0.0,0.0,0.0,0.0,0,0,0.0
107,Slight,None,None,15020.109392319997,15020.109392319997,0.0,0.0,2,5,0.0
108,None,None,None,0.0,0.0,0.0,0.0,0,0,0.0
109,Complete,Complete,None,2204952.0587925753,702941.1195605758,1502010.9392319997,0.0,180,720,720.0
110,None,Slight,None,30040.218784639994,0.0,30040.218784639994,0.0,0,0,0.0
111,Moderate,Moderate,Moderate,450603.28176959994,69092.50320467199,150201.09392319998,231309.68464172797,30,120,60.0
112,Moderate,Slight,Slight,144193.05016627198,69092.50320467199,30040.218784639994,45060.32817695999,30,120,60.0
113,Slight,None,Slight,60080.43756927999,15020.109392319997,0.0,45060.32817695999,2,5,0.0
114,None,None,None,0.0,0.0,0.0,0.0,0,0,0.0
115,Extensive,Moderate,Moderate,732981.3383452159,351470.5597802879,150201.09392319998,231309.68464172797,90,360,360.0
116,None,None,None,0.0,0.0,0.0,0.0,0,0,0.0
117,None,None,None,0.0,0.0,0.0,0.0,0,0,0.0
118,None,None,None,0.0,0.0,0.0,0.0,0,0,0.0
119,None,Moderate,Slight,195261.42210015998,0.0,150201.09392319998,45060.32817695999,0,0,0.0
120,Moderate,Moderate,None,219293.59712787197,69092.50320467199,150201.09392319998,0.0,30,120,60.0
121,Slight,Moderate,Slight,210281.53149248,15020.109392319997,150201.09392319998,45060.32817695999,2,5,0.0
122,Slight,Slight,None,45060.32817695999,15020.109392319997,30040.218784639994,0.0,2,5,0.0
123,None,None,Slight,45060.32817695999,0.0,0.0,45060.32817695999,0,0,0.0
124,None,Slight,None,30040.218784639994,0.0,30040.218784639994,0.0,0,0,0.0
125,Slight,None,None,15020.109392319997,15020.109392319997,0.0,0.0,2,5,0.0
126,Moderate,Moderate,Moderate,450603.28176959994,69092.50320467199,150201.09392319998,231309.68464172797,30,120,60.0
127,None,Slight,None,30040.218784639994,0.0,30040.218784639994,0.0,0,0,0.0
128,Slight,None,Slight,60080.43756927999,15020.109392319997,0.0,45060.32817695999,2,5,0.0
129,None,None,None,0.0,0.0,0.0,0.0,0,0,0.0
130,Slight,None,None,15020.109392319997,15020.109392319997,0.0,0.0,2,5,0.0
131,Slight,Complete,Slight,1562091.3768012796,15020.109392319997,1502010.9392319997,45060.32817695999,2,5,0.0
132,None,None,None,0.0,0.0,0.0,0.0,0,0,0.0
133,None,Moderate,None,150201.09392319998,0.0,150201.09392319998,0.0,0,0,0.0
134,None,None,None,0.0,0.0,0.0,0.0,0,0,0.0
135,Moderate,Slight,None,99132.72198931198,69092.50320467199,30040.218784639994,0.0,30,120,60.0
136,None,Slight,None,30040.218784639994,0.0,30040.218784639994,0.0,0,0,0.0
137,None,None,None,0.0,0.0,0.0,0.0,0,0,0.0
138,Slight,Moderate,None,165221.20331552,15020.109392319997,150201.09392319998,0.0,2,5,0.0
139,Slight,None,Slight,60080.43756927999,15020.109392319997,0.0,45060.32817695999,2,5,0.0
140,None,None,None,0.0,0.0,0.0,0.0,0,0,0.0
141,None,Slight,None,30040.218784639994,0.0,30040.218784639994,0.0,0,0,0.0
142,None,None,None,0.0,0.0,0.0,0.0,0,0,0.0
143,None,None,None,0.0,0.0,0.0,0.0,0,0,0.0
144,None,None,None,0.0,0.0,0.0,0.0,0,0,0.0
145,Slight,None,None,15020.109392319997,15020.109392319997,0.0,0.0,2,5,0.0
146,None,None,None,0.0,0.0,0.0,0.0,0,0,0.0
147,Slight,Moderate,None,165221.20331552,15020.109392319997,150201.09392319998,0.0,2,5,0.0
148,None,Slight,None,30040.218784639994,0.0,30040.218784639994,0.0,0,0,0.0
149,Slight,Slight,None,45060.32817695999,15020.109392319997,30040.218784639994,0.0,2,5,0.0
150,Slight,Slight,Slight,90120.65635391999,15020.109392319997,30040.218784639994,45060.32817695999,2,5,0.0
151,None,Slight,None,30040.218784639994,0.0,30040.218784639994,0.0,0,0,0.0
152,None,None,None,0.0,0.0,0.0,0.0,0,0,0.0
153,Slight,Slight,Slight,90120.65635391999,15020.109392319997,30040.218784639994,45060.32817695999,2,5,0.0
154,Slight,None,None,15020.109392319997,15020.109392319997,0.0,0.0,2,5,0.0
155,None,None,None,0.0,0.0,0.0,0.0,0,0,0.0
156,None,None,None,0.0,0.0,0.0,0.0,0,0,0.0
157,Slight,Slight,Slight,90120.65635391999,15020.109392319997,30040.218784639994,45060.32817695999,2,5,0.0
158,Moderate,Slight,None,99132.72198931198,69092.50320467199,30040.218784639994,0.0,30,120,60.0
159,Slight,Slight,None,45060.32817695999,15020.109392319997,30040.218784639994,0.0,2,5,0.0
160,Moderate,Complete,Moderate,1802413.1270783995,69092.50320467199,1502010.9392319997,231309.68464172797,30,120,60.0
161,Slight,Complete,None,1517031.0486243197,15020.109392319997,1502010.9392319997,0.0,2,5,0.0
162,Slight,None,Slight,60080.43756927999,15020.109392319997,0.0,45060.32817695999,2,5,0.0
163,Slight,Moderate,Slight,210281.53149248,15020.109392319997,150201.09392319998,45060.32817695999,2,5,0.0
164,Slight,Slight,None,45060.32817695999,15020.109392319997,30040.218784639994,0.0,2,5,0.0
165,Slight,Moderate,None,165221.20331552,15020.109392319997,150201.09392319998,0.0,2,5,0.0
166,None,None,None,0.0,0.0,0.0,0.0,0,0,0.0
167,None,Moderate,None,150201.09392319998,0.0,150201.09392319998,0.0,0,0,0.0
168,None,None,Slight,45060.32817695999,0.0,0.0,45060.32817695999,0,0,0.0
169,Moderate,Extensive,Slight,865158.3009976319,69092.50320467199,751005.4696159998,45060.32817695999,30,120,60.0
170,None,None,None,0.0,0.0,0.0,0.0,0,0,0.0
171,None,Slight,None,30040.218784639994,0.0,30040.218784639994,0.0,0,0,0.0
172,Slight,Moderate,Slight,210281.53149248,15020.109392319997,150201.09392319998,45060.32817695999,2,5,0.0
173,Slight,Moderate,None,165221.20331552,15020.109392319997,150201.09392319998,0.0,2,5,0.0
174,Moderate,Extensive,Slight,865158.3009976319,69092.50320467199,751005.4696159998,45060.32817695999,30,120,60.0
175,Slight,None,Slight,60080.43756927999,15020.109392319997,0.0,45060.32817695999,2,5,0.0
176,None,None,None,0.0,0.0,0.0,0.0,0,0,0.0
177,None,None,None,0.0,0.0,0.0,0.0,0,0,0.0
178,None,Slight,None,30040.218784639994,0.0,30040.218784639994,0.0,0,0,0.0
179,Slight,Moderate,Moderate,396530.88795724796,15020.109392319997,150201.09392319998,231309.68464172797,2,5,0.0
180,Slight,Slight,None,45060.32817695999,15020.109392319997,30040.218784639994,0.0,2,5,0.0
181,Slight,Moderate,None,165221.20331552,15020.109392319997,150201.09392319998,0.0,2,5,0.0
182,Slight,Moderate,None,165221.20331552,15020.109392319997,150201.09392319998,0.0,2,5,0.0
183,None,None,None,0.0,0.0,0.0,0.0,0,0,0.0
184,Slight,Slight,None,45060.32817695999,15020.109392319997,30040.218784639994,0.0,2,5,0.0
185,None,Moderate,None,150201.09392319998,0.0,150201.09392319998,0.0,0,0,0.0
186,Slight,Slight,Slight,90120.65635391999,15020.109392319997,30040.218784639994,45060.32817695999,2,5,0.0
187,Slight,None,None,15020.109392319997,15020.109392319997,0.0,0.0,2,5,0.0
188,None,None,None,0.0,0.0,0.0,0.0,0,0,0.0
189,None,None,None,0.0,0.0,0.0,0.0,0,0,0.0
190,None,None,None,0.0,0.0,0.0,0.0,0,0,0.0
191,Slight,None,None,15020.109392319997,15020.109392319997,0.0,0.0,2,5,0.0
192,Moderate,Extensive,None,820097.9728206719,69092.50320467199,751005.4696159998,0.0,30,120,60.0
193,None,None,None,0.0,0.0,0.0,0.0,0,0,0.0
194,Slight,Slight,None,45060.32817695999,15020.109392319997,30040.218784639994,0.0,2,5,0.0
195,None,Moderate,None,150201.09392319998,0.0,150201.09392319998,0.0,0,0,0.0
196,None,Moderate,None,150201.09392319998,0.0,150201.09392319998,0.0,0,0,0.0
197,Slight,Moderate,None,165221.20331552,15020.109392319997,150201.09392319998,0.0,2,5,0.0
198,None,None,None,0.0,0.0,0.0,0.0,0,0,0.0
199,Moderate,None,None,69092.50320467199,69092.50320467199,0.0,0.0,30,120,60.0
200,None,None,None,0.0,0.0,0.0,0.0,0,0,0.0
201,None,Slight,None,30040.218784639994,0.0,30040.218784639994,0.0,0,0,0.0
202,None,None,None,0.0,0.0,0.0,0.0,0,0,0.0
203,Moderate,Slight,None,99132.72198931198,69092.50320467199,30040.218784639994,0.0,30,120,60.0
204,Moderate,Moderate,Moderate,450603.28176959994,69092.50320467199,150201.09392319998,231309.68464172797,30,120,60.0
205,Slight,Moderate,Moderate,396530.88795724796,15020.109392319997,150201.09392319998,231309.68464172797,2,5,0.0
206,None,None,None,0.0,0.0,0.0,0.0,0,0,0.0
207,None,None,None,0.0,0.0,0.0,0.0,0,0,0.0
208,Moderate,Slight,Slight,144193.05016627198,69092.50320467199,30040.218784639994,45060.32817695999,30,120,60.0
209,Slight,Moderate,Slight,210281.53149248,15020.109392319997,150201.09392319998,45060.32817695999,2,5,0.0
210,Slight,Moderate,Slight,210281.53149248,15020.109392319997,150201.09392319998,45060.32817695999,2,5,0.0
211,None,Slight,None,30040.218784639994,0.0,30040.218784639994,0.0,0,0,0.0
212,Slight,Moderate,Slight,210281.53149248,15020.109392319997,150201.09392319998,45060.32817695999,2,5,0.0
213,Slight,Moderate,None,165221.20331552,15020.109392319997,150201.09392319998,0.0,2,5,0.0
214,Slight,Moderate,None,165221.20331552,15020.109392319997,150201.09392319998,0.0,2,5,0.0
215,None,None,None,0.0,0.0,0.0,0.0,0,0,0.0
216,None,None,None,0.0,0.0,0.0,0.0,0,0,0.0
217,None,None,None,0.0,0.0,0.0,0.0,0,0,0.0
218,None,None,None,0.0,0.0,0.0,0.0,0,0,0.0
219,Slight,Moderate,None,165221.20331552,15020.109392319997,150201.09392319998,0.0,2,5,0.0
220,Slight,None,None,15020.109392319997,15020.109392319997,0.0,0.0,2,5,0.0
221,Slight,Slight,None,45060.32817695999,15020.109392319997,30040.218784639994,0.0,2,5,0.0
222,None,Slight,None,30040.218784639994,0.0,30040.218784639994,0.0,0,0,0.0
223,Slight,Slight,None,45060.32817695999,15020.109392319997,30040.218784639994,0.0,2,5,0.0
224,None,None,None,0.0,0.0,0.0,0.0,0,0,0.0
225,None,None,None,0.0,0.0,0.0,0.0,0,0,0.0
226,Slight,None,None,15020.109392319997,15020.109392319997,0.0,0.0,2,5,0.0
227,None,None,None,0.0,0.0,0.0,0.0,0,0,0.0
228,Slight,Moderate,None,165221.20331552,15020.109392319997,150201.09392319998,0.0,2,5,0.0
229,Slight,Moderate,None,165221.20331552,15020.109392319997,150201.09392319998,0.0,2,5,0.0
230,Slight,Extensive,Moderate,997335.2636500478,15020.109392319997,751005.4696159998,231309.68464172797,2,5,0.0
231,Slight,None,None,15020.109392319997,15020.109392319997,0.0,0.0,2,5,0.0
232,None,Slight,None,30040.218784639994,0.0,30040.218784639994,0.0,0,0,0.0
233,None,None,None,0.0,0.0,0.0,0.0,0,0,0.0
234,None,None,None,0.0,0.0,0.0,0.0,0,0,0.0
235,Slight,Moderate,Slight,210281.53149248,15020.109392319997,150201.09392319998,45060.32817695999,2,5,0.0
236,None,None,None,0.0,0.0,0.0,0.0,0,0,0.0
237,Slight,Slight,None,45060.32817695999,15020.109392319997,30040.218784639994,0.0,2,5,0.0
238,Moderate,Slight,Moderate,330442.4066310399,69092.50320467199,30040.218784639994,231309.68464172797,30,120,60.0
239,Slight,Moderate,Moderate,396530.88795724796,15020.109392319997,150201.09392319998,231309.68464172797,2,5,0.0
240,None,None,None,0.0,0.0,0.0,0.0,0,0,0.0
241,Moderate,Slight,None,99132.72198931198,69092.50320467199,30040.218784639994,0.0,30,120,60.0
242,None,None,None,0.0,0.0,0.0,0.0,0,0,0.0
243,None,None,None,0.0,0.0,0.0,0.0,0,0,0.0
244,Moderate,Extensive,Slight,865158.3009976319,69092.50320467199,751005.4696159998,45060.32817695999,30,120,60.0
245,None,None,None,0.0,0.0,0.0,0.0,0,0,0.0
246,Slight,Moderate,None,165221.20331552,15020.109392319997,150201.09392319998,0.0,2,5,0.0
247,Slight,Moderate,None,165221.20331552,15020.109392319997,150201.09392319998,0.0,2,5,0.0
248,None,Slight,None,30040.218784639994,0.0,30040.218784639994,0.0,0,0,0.0
249,Moderate,Moderate,Slight,264353.92530483194,69092.50320467199,150201.09392319998,45060.32817695999,30,120,60.0
250,None,None,None,0.0,0.0,0.0,0.0,0,0,0.0
251,Slight,Slight,None,45060.32817695999,15020.109392319997,30040.218784639994,0.0,2,5,0.0
252,None,Slight,None,30040.218784639994,0.0,30040.218784639994,0.0,0,0,0.0
253,Slight,Extensive,Slight,811085.9071852799,15020.109392319997,751005.4696159998,45060.32817695999,2,5,0.0
254,None,None,None,0.0,0.0,0.0,0.0,0,0,0.0
255,Slight,Slight,None,45060.32817695999,15020.109392319997,30040.218784639994,0.0,2,5,0.0
256,None,None,None,0.0,0.0,0.0,0.0,0,0,0.0
257,Slight,Slight,None,45060.32817695999,15020.109392319997,30040.218784639994,0.0,2,5,0.0
258,Moderate,Moderate,Slight,264353.92530483194,69092.50320467199,150201.09392319998,45060.32817695999,30,120,60.0
259,Slight,Moderate,Slight,210281.53149248,15020.109392319997,150201.09392319998,45060.32817695999,2,5,0.0
260,Moderate,Moderate,Slight,264353.92530483194,69092.50320467199,150201.09392319998,45060.32817695999,30,120,60.0
261,None,Slight,None,30040.218784639994,0.0,30040.218784639994,0.0,0,0,0.0
262,Moderate,Slight,Moderate,330442.4066310399,69092.50320467199,30040.218784639994,231309.68464172797,30,120,60.0
263,None,Moderate,None,150201.09392319998,0.0,150201.09392319998,0.0,0,0,0.0
264,Slight,Slight,None,45060.32817695999,15020.109392319997,30040.218784639994,0.0,2,5,0.0
265,None,Slight,None,30040.218784639994,0.0,30040.218784639994,0.0,0,0,0.0
266,None,None,None,0.0,0.0,0.0,0.0,0,0,0.0
267,None,None,None,0.0,0.0,0.0,0.0,0,0,0.0
268,None,None,None,0.0,0.0,0.0,0.0,0,0,0.0
269,None,None,None,0.0,0.0,0.0,0.0,0,0,0.0
270,None,None,None,0.0,0.0,0.0,0.0,0,0,0.0
271,Slight,Moderate,Slight,210281.53149248,15020.109392319997,150201.09392319998,45060.32817695999,2,5,0.0
272,None,None,None,0.0,0.0,0.0,0.0,0,0,0.0
273,Moderate,Moderate,None,219293.59712787197,69092.50320467199,150201.09392319998,0.0,30,120,60.0
274,Slight,Moderate,Slight,210281.53149248,15020.109392319997,150201.09392319998,45060.32817695999,2,5,0.0
275,Slight,Slight,None,45060.32817695999,15020.109392319997,30040.218784639994,0.0,2,5,0.0
276,Slight,Slight,None,45060.32817695999,15020.109392319997,30040.218784639994,0.0,2,5,0.0
277,None,None,Moderate,231309.68464172797,0.0,0.0,231309.68464172797,0,0,0.0
278,Moderate,Slight,None,99132.72198931198,69092.50320467199,30040.218784639994,0.0,30,120,60.0
279,None,None,None,0.0,0.0,0.0,0.0,0,0,0.0
280,None,Slight,None,30040.218784639994,0.0,30040.218784639994,0.0,0,0,0.0
281,None,None,None,0.0,0.0,0.0,0.0,0,0,0.0
282,None,Slight,None,30040.218784639994,0.0,30040.218784639994,0.0,0,0,0.0
283,Slight,Slight,Moderate,276370.01281868794,15020.109392319997,30040.218784639994,231309.68464172797,2,5,0.0
284,Moderate,Moderate,None,219293.59712787197,69092.50320467199,150201.09392319998,0.0,30,120,60.0
285,Moderate,Slight,None,99132.72198931198,69092.50320467199,30040.218784639994,0.0,30,120,60.0
286,Moderate,Slight,Slight,144193.05016627198,69092.50320467199,30040.218784639994,45060.32817695999,30,120,60.0
287,Slight,Slight,None,45060.32817695999,15020.109392319997,30040.218784639994,0.0,2,5,0.0
288,None,None,None,0.0,0.0,0.0,0.0,0,0,0.0
289,Slight,None,Slight,60080.43756927999,15020.109392319997,0.0,45060.32817695999,2,5,0.0
290,Complete,Complete,Complete,4506032.817695999,702941.1195605758,1502010.9392319997,2301080.7589034233,180,720,720.0
291,None,None,None,0.0,0.0,0.0,0.0,0,0,0.0
292,Slight,Slight,None,45060.32817695999,15020.109392319997,30040.218784639994,0.0,2,5,0.0
293,Extensive,Moderate,Slight,546731.9818804478,351470.5597802879,150201.09392319998,45060.32817695999,90,360,360.0
294,Slight,Moderate,None,165221.20331552,15020.109392319997,150201.09392319998,0.0,2,5,0.0
295,None,None,None,0.0,0.0,0.0,0.0,0,0,0.0
296,Slight,Moderate,Slight,210281.53149248,15020.109392319997,150201.09392319998,45060.32817695999,2,5,0.0
297,Moderate,Extensive,None,820097.9728206719,69092.50320467199,751005.4696159998,0.0,30,120,60.0
298,Slight,None,None,15020.109392319997,15020.109392319997,0.0,0.0,2,5,0.0
299,Slight,None,None,15020.109392319997,15020.109392319997,0.0,0.0,2,5,0.0
300,Moderate,Moderate,None,219293.59712787197,69092.50320467199,150201.09392319998,0.0,30,120,60.0
301,None,None,None,0.0,0.0,0.0,0.0,0,0,0.0
302,Slight,None,None,15020.109392319997,15020.109392319997,0.0,0.0,2,5,0.0
303,None,None,None,0.0,0.0,0.0,0.0,0,0,0.0
304,None,None,None,0.0,0.0,0.0,0.0,0,0,0.0
305,Slight,Slight,Slight,90120.65635391999,15020.109392319997,30040.218784639994,45060.32817695999,2,5,0.0
306,Moderate,Slight,None,99132.72198931198,69092.50320467199,30040.218784639994,0.0,30,120,60.0
307,Slight,None,None,15020.109392319997,15020.109392319997,0.0,0.0,2,5,0.0
308,None,None,None,0.0,0.0,0.0,0.0,0,0,0.0
309,Slight,None,Slight,60080.43756927999,15020.109392319997,0.0,45060.32817695999,2,5,0.0
310,None,None,None,0.0,0.0,0.0,0.0,0,0,0.0
311,None,None,None,0.0,0.0,0.0,0.0,0,0,0.0
312,None,None,None,0.0,0.0,0.0,0.0,0,0,0.0
313,Moderate,Moderate,Moderate,450603.28176959994,69092.50320467199,150201.09392319998,231309.68464172797,30,120,60.0
314,None,None,None,0.0,0.0,0.0,0.0,0,0,0.0
315,Slight,None,None,15020.109392319997,15020.109392319997,0.0,0.0,2,5,0.0
316,None,None,None,0.0,0.0,0.0,0.0,0,0,0.0
317,Slight,Moderate,None,165221.20331552,15020.109392319997,150201.09392319998,0.0,2,5,0.0
318,None,Moderate,None,150201.09392319998,0.0,150201.09392319998,0.0,0,0,0.0
319,Slight,Moderate,Slight,210281.53149248,15020.109392319997,150201.09392319998,45060.32817695999,2,5,0.0
320,None,None,None,0.0,0.0,0.0,0.0,0,0,0.0
321,Slight,Slight,None,45060.32817695999,15020.109392319997,30040.218784639994,0.0,2,5,0.0
322,None,None,None,0.0,0.0,0.0,0.0,0,0,0.0
323,Slight,None,None,15020.109392319997,15020.109392319997,0.0,0.0,2,5,0.0
324,None,None,None,0.0,0.0,0.0,0.0,0,0,0.0
325,Slight,None,Slight,60080.43756927999,15020.109392319997,0.0,45060.32817695999,2,5,0.0
326,Slight,Moderate,None,165221.20331552,15020.109392319997,150201.09392319998,0.0,2,5,0.0
327,Slight,Slight,None,45060.32817695999,15020.109392319997,30040.218784639994,0.0,2,5,0.0
328,Moderate,Moderate,None,219293.59712787197,69092.50320467199,150201.09392319998,0.0,30,120,60.0
329,None,Slight,Moderate,261349.90342636796,0.0,30040.218784639994,231309.68464172797,0,0,0.0
330,Slight,None,None,15020.109392319997,15020.109392319997,0.0,0.0,2,5,0.0
331,Slight,Slight,Slight,90120.65635391999,15020.109392319997,30040.218784639994,45060.32817695999,2,5,0.0
332,Slight,Moderate,Slight,210281.53149248,15020.109392319997,150201.09392319998,45060.32817695999,2,5,0.0
333,Slight,None,None,15020.109392319997,15020.109392319997,0.0,0.0,2,5,0.0
334,None,Slight,None,30040.218784639994,0.0,30040.218784639994,0.0,0,0,0.0
335,Slight,None,None,15020.109392319997,15020.109392319997,0.0,0.0,2,5,0.0
336,Slight,None,None,15020.109392319997,15020.109392319997,0.0,0.0,2,5,0.0
337,Slight,Slight,Slight,90120.65635391999,15020.109392319997,30040.218784639994,45060.32817695999,2,5,0.0
338,None,None,None,0.0,0.0,0.0,0.0,0,0,0.0
339,Slight,Moderate,None,165221.20331552,15020.109392319997,150201.09392319998,0.0,2,5,0.0
340,Slight,Slight,Slight,90120.65635391999,15020.109392319997,30040.218784639994,45060.32817695999,2,5,0.0
341,None,None,None,0.0,0.0,0.0,0.0,0,0,0.0
342,Slight,Slight,None,45060.32817695999,15020.109392319997,30040.218784639994,0.0,2,5,0.0
343,Moderate,Moderate,None,219293.59712787197,69092.50320467199,150201.09392319998,0.0,30,120,60.0
344,Moderate,Moderate,None,219293.59712787197,69092.50320467199,150201.09392319998,0.0,30,120,60.0
345,Slight,None,None,15020.109392319997,15020.109392319997,0.0,0.0,2,5,0.0
346,Slight,Moderate,Slight,210281.53149248,15020.109392319997,150201.09392319998,45060.32817695999,2,5,0.0
347,None,None,None,0.0,0.0,0.0,0.0,0,0,0.0
348,None,None,None,0.0,0.0,0.0,0.0,0,0,0.0
349,None,Moderate,None,150201.09392319998,0.0,150201.09392319998,0.0,0,0,0.0
350,Slight,None,None,15020.109392319997,15020.109392319997,0.0,0.0,2,5,0.0
351,Slight,Moderate,None,165221.20331552,15020.109392319997,150201.09392319998,0.0,2,5,0.0
352,Slight,Moderate,Slight,210281.53149248,15020.109392319997,150201.09392319998,45060.32817695999,2,5,0.0
353,None,None,None,0.0,0.0,0.0,0.0,0,0,0.0
354,None,None,None,0.0,0.0,0.0,0.0,0,0,0.0
355,None,Slight,None,30040.218784639994,0.0,30040.218784639994,0.0,0,0,0.0
356,None,Slight,None,30040.218784639994,0.0,30040.218784639994,0.0,0,0,0.0
357,Slight,Slight,None,45060.32817695999,15020.109392319997,30040.218784639994,0.0,2,5,0.0
358,None,Moderate,None,150201.09392319998,0.0,150201.09392319998,0.0,0,0,0.0
359,Slight,Slight,None,45060.32817695999,15020.109392319997,30040.218784639994,0.0,2,5,0.0
360,None,None,None,0.0,0.0,0.0,0.0,0,0,0.0
361,None,None,None,0.0,0.0,0.0,0.0,0,0,0.0
362,Slight,None,None,15020.109392319997,15020.109392319997,0.0,0.0,2,5,0.0
363,None,None,None,0.0,0.0,0.0,0.0,0,0,0.0
364,None,None,None,0.0,0.0,0.0,0.0,0,0,0.0
365,None,None,None,0.0,0.0,0.0,0.0,0,0,0.0
366,Extensive,Extensive,Slight,1147536.3575732475,351470.5597802879,751005.4696159998,45060.32817695999,90,360,360.0
367,Slight,None,None,15020.109392319997,15020.109392319997,0.0,0.0,2,5,0.0
368,Moderate,Moderate,Moderate,450603.28176959994,69092.50320467199,150201.09392319998,231309.68464172797,30,120,60.0
369,Slight,Moderate,None,165221.20331552,15020.109392319997,150201.09392319998,0.0,2,5,0.0
370,None,None,None,0.0,0.0,0.0,0.0,0,0,0.0
371,Moderate,Moderate,None,219293.59712787197,69092.50320467199,150201.09392319998,0.0,30,120,60.0
372,Slight,None,None,15020.109392319997,15020.109392319997,0.0,0.0,2,5,0.0
373,None,None,None,0.0,0.0,0.0,0.0,0,0,0.0
374,Slight,Slight,Slight,90120.65635391999,15020.109392319997,30040.218784639994,45060.32817695999,2,5,0.0
375,Complete,Complete,Complete,4506032.817695999,702941.1195605758,1502010.9392319997,2301080.7589034233,180,720,720.0
376,Slight,None,None,15020.109392319997,15020.109392319997,0.0,0.0,2,5,0.0
377,None,Moderate,None,150201.09392319998,0.0,150201.09392319998,0.0,0,0,0.0
378,Slight,Slight,None,45060.32817695999,15020.109392319997,30040.218784639994,0.0,2,5,0.0
379,None,Moderate,Moderate,381510.778564928,0.0,150201.09392319998,231309.68464172797,0,0,0.0
380,Slight,Moderate,None,165221.20331552,15020.109392319997,150201.09392319998,0.0,2,5,0.0
381,Slight,Moderate,Slight,210281.53149248,15020.109392319997,150201.09392319998,45060.32817695999,2,5,0.0
382,Slight,None,None,15020.109392319997,15020.109392319997,0.0,0.0,2,5,0.0
383,Slight,None,None,15020.109392319997,15020.109392319997,0.0,0.0,2,5,0.0
384,Slight,None,Slight,60080.43756927999,15020.109392319997,0.0,45060.32817695999,2,5,0.0
385,Moderate,Moderate,Moderate,450603.28176959994,69092.50320467199,150201.09392319998,231309.68464172797,30,120,60.0
386,Moderate,Moderate,None,219293.59712787197,69092.50320467199,150201.09392319998,0.0,30,120,60.0
387,Slight,Moderate,None,165221.20331552,15020.109392319997,150201.09392319998,0.0,2,5,0.0
388,Moderate,Slight,Slight,144193.05016627198,69092.50320467199,30040.218784639994,45060.32817695999,30,120,60.0
389,Extensive,Moderate,Slight,546731.9818804478,351470.5597802879,150201.09392319998,45060.32817695999,90,360,360.0
390,Slight,Slight,None,45060.32817695999,15020.109392319997,30040.218784639994,0.0,2,5,0.0
391,Slight,Slight,Slight,90120.65635391999,15020.109392319997,30040.218784639994,45060.32817695999,2,5,0.0
392,Slight,Moderate,Slight,210281.53149248,15020.109392319997,150201.09392319998,45060.32817695999,2,5,0.0
393,Moderate,Moderate,Slight,264353.92530483194,69092.50320467199,150201.09392319998,45060.32817695999,30,120,60.0
394,Slight,None,None,15020.109392319997,15020.109392319997,0.0,0.0,2,5,0.0
395,Slight,None,None,15020.109392319997,15020.109392319997,0.0,0.0,2,5,0.0
396,Slight,Moderate,None,165221.20331552,15020.109392319997,150201.09392319998,0.0,2,5,0.0
397,Moderate,Moderate,None,219293.59712787197,69092.50320467199,150201.09392319998,0.0,30,120,60.0
398,None,None,None,0.0,0.0,0.0,0.0,0,0,0.0
399,Slight,Slight,None,45060.32817695999,15020.109392319997,30040.218784639994,0.0,2,5,0.0
400,Slight,Moderate,None,165221.20331552,15020.109392319997,150201.09392319998,0.0,2,5,0.0
401,Moderate,Moderate,Moderate,450603.28176959994,69092.50320467199,150201.09392319998,231309.68464172797,30,120,60.0
402,None,Slight,None,30040.218784639994,0.0,30040.218784639994,0.0,0,0,0.0
403,Slight,Moderate,None,165221.20331552,15020.109392319997,150201.09392319998,0.0,2,5,0.0
404,Slight,Slight,Slight,90120.65635391999,15020.109392319997,30040.218784639994,45060.32817695999,2,5,0.0
405,None,None,None,0.0,0.0,0.0,0.0,0,0,0.0
406,None,None,None,0.0,0.0,0.0,0.0,0,0,0.0
407,None,None,None,0.0,0.0,0.0,0.0,0,0,0.0
408,None,None,None,0.0,0.0,0.0,0.0,0,0,0.0
409,Slight,Slight,None,45060.32817695999,15020.109392319997,30040.218784639994,0.0,2,5,0.0
410,Slight,Moderate,Slight,210281.53149248,15020.109392319997,150201.09392319998,45060.32817695999,2,5,0.0
411,Slight,Slight,None,45060.32817695999,15020.109392319997,30040.218784639994,0.0,2,5,0.0
412,Slight,Slight,None,45060.32817695999,15020.109392319997,30040.218784639994,0.0,2,5,0.0
413,Slight,Slight,None,45060.32817695999,15020.109392319997,30040.218784639994,0.0,2,5,0.0
414,None,None,Slight,45060.32817695999,0.0,0.0,45060.32817695999,0,0,0.0
415,Moderate,Moderate,None,219293.59712787197,69092.50320467199,150201.09392319998,0.0,30,120,60.0
416,Slight,None,None,15020.109392319997,15020.109392319997,0.0,0.0,2,5,0.0
417,Complete,Complete,Complete,4506032.817695999,702941.1195605758,1502010.9392319997,2301080.7589034233,180,720,720.0
418,None,None,None,0.0,0.0,0.0,0.0,0,0,0.0
419,None,Slight,None,30040.218784639994,0.0,30040.218784639994,0.0,0,0,0.0
420,None,None,None,0.0,0.0,0.0,0.0,0,0,0.0
421,Slight,Slight,None,45060.32817695999,15020.109392319997,30040.218784639994,0.0,2,5,0.0
422,None,None,None,0.0,0.0,0.0,0.0,0,0,0.0
423,None,None,None,0.0,0.0,0.0,0.0,0,0,0.0
424,None,None,None,0.0,0.0,0.0,0.0,0,0,0.0
425,Moderate,Moderate,Slight,264353.92530483194,69092.50320467199,150201.09392319998,45060.32817695999,30,120,60.0
426,Slight,None,None,15020.109392319997,15020.109392319997,0.0,0.0,2,5,0.0
427,Slight,Slight,None,45060.32817695999,15020.109392319997,30040.218784639994,0.0,2,5,0.0
428,None,None,None,0.0,0.0,0.0,0.0,0,0,0.0
429,Slight,Extensive,Slight,811085.9071852799,15020.109392319997,751005.4696159998,45060.32817695999,2,5,0.0
430,None,None,None,0.0,0.0,0.0,0.0,0,0,0.0
431,Slight,Moderate,Slight,210281.53149248,15020.109392319997,150201.09392319998,45060.32817695999,2,5,0.0
432,None,None,None,0.0,0.0,0.0,0.0,0,0,0.0
433,Slight,None,None,15020.109392319997,15020.109392319997,0.0,0.0,2,5,0.0
434,Slight,None,None,15020.109392319997,15020.109392319997,0.0,0.0,2,5,0.0
435,None,None,None,0.0,0.0,0.0,0.0,0,0,0.0
436,None,None,None,0.0,0.0,0.0,0.0,0,0,0.0
437,Slight,Moderate,Slight,210281.53149248,15020.109392319997,150201.09392319998,45060.32817695999,2,5,0.0
438,None,None,None,0.0,0.0,0.0,0.0,0,0,0.0
439,Slight,Slight,Slight,90120.65635391999,15020.109392319997,30040.218784639994,45060.32817695999,2,5,0.0
440,Moderate,Moderate,None,219293.59712787197,69092.50320467199,150201.09392319998,0.0,30,120,60.0
441,Moderate,Moderate,Slight,264353.92530483194,69092.50320467199,150201.09392319998,45060.32817695999,30,120,60.0
442,Moderate,Moderate,None,219293.59712787197,69092.50320467199,150201.09392319998,0.0,30,120,60.0
443,None,None,None,0.0,0.0,0.0,0.0,0,0,0.0
444,Slight,Slight,None,45060.32817695999,15020.109392319997,30040.218784639994,0.0,2,5,0.0
445,None,Slight,None,30040.218784639994,0.0,30040.218784639994,0.0,0,0,0.0
446,None,None,None,0.0,0.0,0.0,0.0,0,0,0.0
447,Complete,Complete,Complete,4506032.817695999,702941.1195605758,1502010.9392319997,2301080.7589034233,180,720,720.0
448,Moderate,Extensive,Slight,865158.3009976319,69092.50320467199,751005.4696159998,45060.32817695999,30,120,60.0
449,Moderate,Moderate,None,219293.59712787197,69092.50320467199,150201.09392319998,0.0,30,120,60.0
450,None,None,None,0.0,0.0,0.0,0.0,0,0,0.0
451,Slight,Slight,Slight,90120.65635391999,15020.109392319997,30040.218784639994,45060.32817695999,2,5,0.0
452,Slight,Slight,Slight,90120.65635391999,15020.109392319997,30040.218784639994,45060.32817695999,2,5,0.0
453,Slight,None,None,15020.109392319997,15020.109392319997,0.0,0.0,2,5,0.0
454,Moderate,Moderate,None,219293.59712787197,69092.50320467199,150201.09392319998,0.0,30,120,60.0
455,None,None,None,0.0,0.0,0.0,0.0,0,0,0.0
456,None,None,None,0.0,0.0,0.0,0.0,0,0,0.0
457,None,None,None,0.0,0.0,0.0,0.0,0,0,0.0
458,Moderate,Moderate,Moderate,450603.28176959994,69092.50320467199,150201.09392319998,231309.68464172797,30,120,60.0
459,None,None,None,0.0,0.0,0.0,0.0,0,0,0.0
460,Slight,Moderate,Slight,210281.53149248,15020.109392319997,150201.09392319998,45060.32817695999,2,5,0.0
461,Slight,None,None,15020.109392319997,15020.109392319997,0.0,0.0,2,5,0.0
462,None,None,None,0.0,0.0,0.0,0.0,0,0,0.0
463,None,Slight,None,30040.218784639994,0.0,30040.218784639994,0.0,0,0,0.0
464,Moderate,Moderate,None,219293.59712787197,69092.50320467199,150201.09392319998,0.0,30,120,60.0
465,None,Slight,None,30040.218784639994,0.0,30040.218784639994,0.0,0,0,0.0
466,None,None,None,0.0,0.0,0.0,0.0,0,0,0.0
467,None,None,None,0.0,0.0,0.0,0.0,0,0,0.0
468,Slight,Slight,None,45060.32817695999,15020.109392319997,30040.218784639994,0.0,2,5,0.0
469,None,None,None,0.0,0.0,0.0,0.0,0,0,0.0
470,Slight,None,None,15020.109392319997,15020.109392319997,0.0,0.0,2,5,0.0
471,None,None,None,0.0,0.0,0.0,0.0,0,0,0.0
472,None,Moderate,None,150201.09392319998,0.0,150201.09392319998,0.0,0,0,0.0
473,Slight,None,None,15020.109392319997,15020.109392319997,0.0,0.0,2,5,0.0
474,Slight,Moderate,Moderate,396530.88795724796,15020.109392319997,150201.09392319998,231309.68464172797,2,5,0.0
475,Slight,None,None,15020.109392319997,15020.109392319997,0.0,0.0,2,5,0.0
476,Slight,None,None,15020.109392319997,15020.109392319997,0.0,0.0,2,5,0.0
477,None,Slight,None,30040.218784639994,0.0,30040.218784639994,0.0,0,0,0.0
478,Slight,None,None,15020.109392319997,15020.109392319997,0.0,0.0,2,5,0.0
479,None,None,None,0.0,0.0,0.0,0.0,0,0,0.0
480,None,Slight,None,30040.218784639994,0.0,30040.218784639994,0.0,0,0,0.0
481,Moderate,Extensive,Moderate,1051407.6574624,69092.50320467199,751005.4696159998,231309.68464172797,30,120,60.0
482,Moderate,Extensive,Slight,865158.3009976319,69092.50320467199,751005.4696159998,45060.32817695999,30,120,60.0
483,Slight,Slight,None,45060.32817695999,15020.109392319997,30040.218784639994,0.0,2,5,0.0
484,Moderate,Moderate,Slight,264353.92530483194,69092.50320467199,150201.09392319998,45060.32817695999,30,120,60.0
485,Slight,Moderate,Moderate,396530.88795724796,15020.109392319997,150201.09392319998,231309.68464172797,2,5,0.0
486,Slight,Slight,Slight,90120.65635391999,15020.109392319997,30040.218784639994,45060.32817695999,2,5,0.0
487,Moderate,Complete,None,1571103.4424366716,69092.50320467199,1502010.9392319997,0.0,30,120,60.0
488,None,Slight,None,30040.218784639994,0.0,30040.218784639994,0.0,0,0,0.0
489,Complete,Complete,Complete,4506032.817695999,702941.1195605758,1502010.9392319997,2301080.7589034233,180,720,720.0
490,Slight,Moderate,Slight,210281.53149248,15020.109392319997,150201.09392319998,45060.32817695999,2,5,0.0
491,Slight,Moderate,None,165221.20331552,15020.109392319997,150201.09392319998,0.0,2,5,0.0
492,None,None,None,0.0,0.0,0.0,0.0,0,0,0.0
493,None,Slight,None,30040.218784639994,0.0,30040.218784639994,0.0,0,0,0.0
494,None,Slight,None,30040.218784639994,0.0,30040.218784639994,0.0,0,0,0.0
495,None,None,None,0.0,0.0,0.0,0.0,0,0,0.0
496,Slight,Slight,None,45060.32817695999,15020.109392319997,30040.218784639994,0.0,2,5,0.0
497,Slight,Slight,None,45060.32817695999,15020.109392319997,30040.218784639994,0.0,2,5,0.0
498,None,Slight,None,30040.218784639994,0.0,30040.218784639994,0.0,0,0,0.0
499,None,None,None,0.0,0.0,0.0,0.0,0,0,0.0
