,DS_Struct,DS_NonStruct_DriftSen,DS_NonStruct_AccelSen,RepairCost_Total,RepairCost_Struct,RepairCost_NonStruct_DriftSen,RepairCost_NonStruct_AccelSen,RepairTime,RecoveryTime,FunctionLossTime
0,Moderate,Moderate,Moderate,7095737.504596798,662268.8337623678,2034111.4179844153,4399357.252850015,30,120,60.0
1,Moderate,Slight,None,1088013.0840381759,662268.8337623678,425744.250275808,0.0,30,120,60.0
2,Slight,None,None,141914.75009193597,141914.75009193597,0.0,0.0,5,10,0.0
3,Slight,Slight,None,567659.0003677439,141914.75009193597,425744.250275808,0.0,5,10,0.0
4,Slight,None,None,141914.75009193597,141914.75009193597,0.0,0.0,5,10,0.0
5,Slight,Moderate,Slight,3027514.668627967,141914.75009193597,2034111.4179844153,851488.5005516158,5,10,0.0
6,Moderate,Moderate,Slight,3547868.752298399,662268.8337623678,2034111.4179844153,851488.5005516158,30,120,60.0
7,Slight,Moderate,None,2176026.1680763513,141914.75009193597,2034111.4179844153,0.0,5,10,0.0
8,Moderate,Moderate,None,2696380.251746783,662268.8337623678,2034111.4179844153,0.0,30,120,60.0
9,Slight,Slight,None,567659.0003677439,141914.75009193597,425744.250275808,0.0,5,10,0.0
10,Complete,Complete,Complete,70957375.04596798,6528078.504229055,20104589.596357595,44324706.945381336,240,960,960.0
11,Moderate,Extensive,Slight,11589704.590841439,662268.8337623678,10075947.256527454,851488.5005516158,30,120,60.0
12,Moderate,Moderate,Extensive,20719553.513422653,662268.8337623678,2034111.4179844153,18023173.26167587,30,120,60.0
13,None,None,None,0.0,0.0,0.0,0.0,0,0,0.0
14,Slight,Moderate,Slight,3027514.668627967,141914.75009193597,2034111.4179844153,851488.5005516158,5,10,0.0
15,Moderate,Slight,Slight,1939501.5845897917,662268.8337623678,425744.250275808,851488.5005516158,30,120,60.0
16,None,None,None,0.0,0.0,0.0,0.0,0,0,0.0
17,Moderate,Slight,None,1088013.0840381759,662268.8337623678,425744.250275808,0.0,30,120,60.0
18,Moderate,Slight,Slight,1939501.5845897917,662268.8337623678,425744.250275808,851488.5005516158,30,120,60.0
19,Moderate,Moderate,Slight,3547868.752298399,662268.8337623678,2034111.4179844153,851488.5005516158,30,120,60.0
20,Moderate,Moderate,Slight,3547868.752298399,662268.8337623678,2034111.4179844153,851488.5005516158,30,120,60.0
21,Extensive,Extensive,Extensive,31363159.77031785,3264039.2521145274,10075947.256527454,18023173.26167587,120,480,480.0
22,None,None,None,0.0,0.0,0.0,0.0,0,0,0.0
23,Slight,Slight,Slight,1419147.5009193597,141914.75009193597,425744.250275808,851488.5005516158,5,10,0.0
24,None,None,None,0.0,0.0,0.0,0.0,0,0,0.0
25,Moderate,Slight,Slight,1939501.5845897917,662268.8337623678,425744.250275808,851488.5005516158,30,120,60.0
26,Moderate,Moderate,Moderate,7095737.504596798,662268.8337623678,2034111.4179844153,4399357.252850015,30,120,60.0
27,Moderate,Moderate,None,2696380.251746783,662268.8337623678,2034111.4179844153,0.0,30,120,60.0
28,Moderate,Extensive,Slight,11589704.590841439,662268.8337623678,10075947.256527454,851488.5005516158,30,120,60.0
29,Moderate,Slight,Moderate,5487370.33688819,662268.8337623678,425744.250275808,4399357.252850015,30,120,60.0
30,None,None,None,0.0,0.0,0.0,0.0,0,0,0.0
31,Slight,Slight,None,567659.0003677439,141914.75009193597,425744.250275808,0.0,5,10,0.0
32,Slight,Moderate,None,2176026.1680763513,141914.75009193597,2034111.4179844153,0.0,5,10,0.0
33,None,None,None,0.0,0.0,0.0,0.0,0,0,0.0
34,None,Slight,None,425744.250275808,0.0,425744.250275808,0.0,0,0,0.0
35,Moderate,Moderate,Moderate,7095737.504596798,662268.8337623678,2034111.4179844153,4399357.252850015,30,120,60.0
36,Moderate,Extensive,Moderate,15137573.343139837,662268.8337623678,10075947.256527454,4399357.252850015,30,120,60.0
37,Moderate,Moderate,None,2696380.251746783,662268.8337623678,2034111.4179844153,0.0,30,120,60.0
38,Moderate,Moderate,Slight,3547868.752298399,662268.8337623678,2034111.4179844153,851488.5005516158,30,120,60.0
39,Moderate,Moderate,Slight,3547868.752298399,662268.8337623678,2034111.4179844153,851488.5005516158,30,120,60.0
40,None,None,None,0.0,0.0,0.0,0.0,0,0,0.0
41,Slight,Slight,None,567659.0003677439,141914.75009193597,425744.250275808,0.0,5,10,0.0
42,Slight,None,None,141914.75009193597,141914.75009193597,0.0,0.0,5,10,0.0
43,None,None,None,0.0,0.0,0.0,0.0,0,0,0.0
44,None,None,None,0.0,0.0,0.0,0.0,0,0,0.0
45,None,None,None,0.0,0.0,0.0,0.0,0,0,0.0
46,Moderate,None,None,662268.8337623678,662268.8337623678,0.0,0.0,30,120,60.0
47,Moderate,Extensive,Slight,11589704.590841439,662268.8337623678,10075947.256527454,851488.5005516158,30,120,60.0
48,Slight,None,None,141914.75009193597,141914.75009193597,0.0,0.0,5,10,0.0
49,Extensive,Extensive,Moderate,17739343.761491995,3264039.2521145274,10075947.256527454,4399357.252850015,120,480,480.0
50,None,Slight,None,425744.250275808,0.0,425744.250275808,0.0,0,0,0.0
51,Moderate,Moderate,Moderate,7095737.504596798,662268.8337623678,2034111.4179844153,4399357.252850015,30,120,60.0
52,Slight,Slight,None,567659.0003677439,141914.75009193597,425744.250275808,0.0,5,10,0.0
53,Slight,None,None,141914.75009193597,141914.75009193597,0.0,0.0,5,10,0.0
54,Moderate,Moderate,None,2696380.251746783,662268.8337623678,2034111.4179844153,0.0,30,120,60.0
55,Slight,None,Slight,993403.2506435518,141914.75009193597,0.0,851488.5005516158,5,10,0.0
56,None,Slight,None,425744.250275808,0.0,425744.250275808,0.0,0,0,0.0
57,Moderate,Moderate,Moderate,7095737.504596798,662268.8337623678,2034111.4179844153,4399357.252850015,30,120,60.0
58,Slight,None,None,141914.75009193597,141914.75009193597,0.0,0.0,5,10,0.0
59,Moderate,Moderate,None,2696380.251746783,662268.8337623678,2034111.4179844153,0.0,30,120,60.0
60,Slight,None,None,141914.75009193597,141914.75009193597,0.0,0.0,5,10,0.0
61,None,Slight,None,425744.250275808,0.0,425744.250275808,0.0,0,0,0.0
62,None,Slight,None,425744.250275808,0.0,425744.250275808,0.0,0,0,0.0
63,Slight,Moderate,None,2176026.1680763513,141914.75009193597,2034111.4179844153,0.0,5,10,0.0
64,Moderate,Moderate,None,2696380.251746783,662268.8337623678,2034111.4179844153,0.0,30,120,60.0
65,Moderate,Extensive,None,10738216.090289822,662268.8337623678,10075947.256527454,0.0,30,120,60.0
66,None,None,None,0.0,0.0,0.0,0.0,0,0,0.0
67,None,Slight,None,425744.250275808,0.0,425744.250275808,0.0,0,0,0.0
68,Moderate,Moderate,Moderate,7095737.504596798,662268.8337623678,2034111.4179844153,4399357.252850015,30,120,60.0
69,Moderate,Moderate,Slight,3547868.752298399,662268.8337623678,2034111.4179844153,851488.5005516158,30,120,60.0
70,None,None,None,0.0,0.0,0.0,0.0,0,0,0.0
71,Slight,None,None,141914.75009193597,141914.75009193597,0.0,0.0,5,10,0.0
72,Moderate,Extensive,Slight,11589704.590841439,662268.8337623678,10075947.256527454,851488.5005516158,30,120,60.0
73,None,Slight,None,425744.250275808,0.0,425744.250275808,0.0,0,0,0.0
74,None,Slight,None,425744.250275808,0.0,425744.250275808,0.0,0,0,0.0
75,Moderate,Moderate,Slight,3547868.752298399,662268.8337623678,2034111.4179844153,851488.5005516158,30,120,60.0
76,Slight,Moderate,Slight,3027514.668627967,141914.75009193597,2034111.4179844153,851488.5005516158,5,10,0.0
77,None,Slight,None,425744.250275808,0.0,425744.250275808,0.0,0,0,0.0
78,Moderate,None,None,662268.8337623678,662268.8337623678,0.0,0.0,30,120,60.0
79,Slight,None,None,141914.75009193597,141914.75009193597,0.0,0.0,5,10,0.0
80,None,Moderate,None,2034111.4179844153,0.0,2034111.4179844153,0.0,0,0,0.0
81,Moderate,Moderate,Slight,3547868.752298399,662268.8337623678,2034111.4179844153,851488.5005516158,30,120,60.0
82,None,None,None,0.0,0.0,0.0,0.0,0,0,0.0
83,None,Slight,None,425744.250275808,0.0,425744.250275808,0.0,0,0,0.0
84,Slight,None,None,141914.75009193597,141914.75009193597,0.0,0.0,5,10,0.0
85,None,Slight,None,425744.250275808,0.0,425744.250275808,0.0,0,0,0.0
86,Slight,None,None,141914.75009193597,141914.75009193597,0.0,0.0,5,10,0.0
87,Moderate,Moderate,None,2696380.251746783,662268.8337623678,2034111.4179844153,0.0,30,120,60.0
88,None,None,None,0.0,0.0,0.0,0.0,0,0,0.0
89,None,None,None,0.0,0.0,0.0,0.0,0,0,0.0
90,None,None,None,0.0,0.0,0.0,0.0,0,0,0.0
91,Slight,Moderate,None,2176026.1680763513,141914.75009193597,2034111.4179844153,0.0,5,10,0.0
92,None,None,None,0.0,0.0,0.0,0.0,0,0,0.0
93,Extensive,Moderate,Moderate,9697507.922948956,3264039.2521145274,2034111.4179844153,4399357.252850015,120,480,480.0
94,Slight,Moderate,None,2176026.1680763513,141914.75009193597,2034111.4179844153,0.0,5,10,0.0
95,Slight,None,None,141914.75009193597,141914.75009193597,0.0,0.0,5,10,0.0
96,Moderate,Moderate,None,2696380.251746783,662268.8337623678,2034111.4179844153,0.0,30,120,60.0
97,Slight,None,None,141914.75009193597,141914.75009193597,0.0,0.0,5,10,0.0
98,Moderate,Slight,None,1088013.0840381759,662268.8337623678,425744.250275808,0.0,30,120,60.0
99,Slight,None,None,141914.75009193597,141914.75009193597,0.0,0.0,5,10,0.0
100,Slight,Slight,None,567659.0003677439,141914.75009193597,425744.250275808,0.0,5,10,0.0
101,Slight,None,None,141914.75009193597,141914.75009193597,0.0,0.0,5,10,0.0
102,None,None,None,0.0,0.0,0.0,0.0,0,0,0.0
103,Slight,Slight,Slight,1419147.5009193597,141914.75009193597,425744.250275808,851488.5005516158,5,10,0.0
104,None,None,None,0.0,0.0,0.0,0.0,0,0,0.0
105,None,None,None,0.0,0.0,0.0,0.0,0,0,0.0
106,None,None,None,0.0,0.0,0.0,0.0,0,0,0.0
107,Slight,Moderate,None,2176026.1680763513,141914.75009193597,2034111.4179844153,0.0,5,10,0.0
108,None,None,None,0.0,0.0,0.0,0.0,0,0,0.0
109,Moderate,Moderate,Moderate,7095737.504596798,662268.8337623678,2034111.4179844153,4399357.252850015,30,120,60.0
110,Moderate,Moderate,None,2696380.251746783,662268.8337623678,2034111.4179844153,0.0,30,120,60.0
111,Extensive,Extensive,Moderate,17739343.761491995,3264039.2521145274,10075947.256527454,4399357.252850015,120,480,480.0
112,Moderate,Slight,Extensive,19111186.345714044,662268.8337623678,425744.250275808,18023173.26167587,30,120,60.0
113,Slight,None,None,141914.75009193597,141914.75009193597,0.0,0.0,5,10,0.0
114,Slight,Slight,None,567659.0003677439,141914.75009193597,425744.250275808,0.0,5,10,0.0
115,Slight,None,None,141914.75009193597,141914.75009193597,0.0,0.0,5,10,0.0
116,None,None,None,0.0,0.0,0.0,0.0,0,0,0.0
117,Slight,Moderate,None,2176026.1680763513,141914.75009193597,2034111.4179844153,0.0,5,10,0.0
118,Slight,None,Moderate,4541272.002941951,141914.75009193597,0.0,4399357.252850015,5,10,0.0
119,Slight,Moderate,Slight,3027514.668627967,141914.75009193597,2034111.4179844153,851488.5005516158,5,10,0.0
120,Slight,Moderate,None,2176026.1680763513,141914.75009193597,2034111.4179844153,0.0,5,10,0.0
121,Slight,Slight,None,567659.0003677439,141914.75009193597,425744.250275808,0.0,5,10,0.0
122,Moderate,Slight,Slight,1939501.5845897917,662268.8337623678,425744.250275808,851488.5005516158,30,120,60.0
123,None,Slight,None,425744.250275808,0.0,425744.250275808,0.0,0,0,0.0
124,None,None,None,0.0,0.0,0.0,0.0,0,0,0.0
125,Slight,Moderate,None,2176026.1680763513,141914.75009193597,2034111.4179844153,0.0,5,10,0.0
126,Moderate,Slight,Slight,1939501.5845897917,662268.8337623678,425744.250275808,851488.5005516158,30,120,60.0
127,Moderate,Moderate,Slight,3547868.752298399,662268.8337623678,2034111.4179844153,851488.5005516158,30,120,60.0
128,Slight,Slight,Slight,1419147.5009193597,141914.75009193597,425744.250275808,851488.5005516158,5,10,0.0
129,None,Slight,None,425744.250275808,0.0,425744.250275808,0.0,0,0,0.0
130,Slight,Slight,Moderate,4967016.253217759,141914.75009193597,425744.250275808,4399357.252850015,5,10,0.0
131,Moderate,Extensive,Extensive,28761389.35196569,662268.8337623678,10075947.256527454,18023173.26167587,30,120,60.0
132,None,Moderate,None,2034111.4179844153,0.0,2034111.4179844153,0.0,0,0,0.0
133,Moderate,Moderate,None,2696380.251746783,662268.8337623678,2034111.4179844153,0.0,30,120,60.0
134,Slight,Slight,None,567659.0003677439,141914.75009193597,425744.250275808,0.0,5,10,0.0
135,Slight,Moderate,None,2176026.1680763513,141914.75009193597,2034111.4179844153,0.0,5,10,0.0
136,None,Slight,None,425744.250275808,0.0,425744.250275808,0.0,0,0,0.0
137,Slight,Slight,Slight,1419147.5009193597,141914.75009193597,425744.250275808,851488.5005516158,5,10,0.0
138,Slight,Moderate,Slight,3027514.668627967,141914.75009193597,2034111.4179844153,851488.5005516158,5,10,0.0
139,Slight,Slight,Slight,1419147.5009193597,141914.75009193597,425744.250275808,851488.5005516158,5,10,0.0
140,None,None,None,0.0,0.0,0.0,0.0,0,0,0.0
141,Slight,Slight,None,567659.0003677439,141914.75009193597,425744.250275808,0.0,5,10,0.0
142,Slight,None,None,141914.75009193597,141914.75009193597,0.0,0.0,5,10,0.0
143,None,None,None,0.0,0.0,0.0,0.0,0,0,0.0
144,Moderate,Moderate,None,2696380.251746783,662268.8337623678,2034111.4179844153,0.0,30,120,60.0
145,None,None,None,0.0,0.0,0.0,0.0,0,0,0.0
146,Slight,None,None,141914.75009193597,141914.75009193597,0.0,0.0,5,10,0.0
147,None,None,None,0.0,0.0,0.0,0.0,0,0,0.0
148,Slight,Slight,None,567659.0003677439,141914.75009193597,425744.250275808,0.0,5,10,0.0
149,Moderate,Moderate,Slight,3547868.752298399,662268.8337623678,2034111.4179844153,851488.5005516158,30,120,60.0
150,None,Slight,None,425744.250275808,0.0,425744.250275808,0.0,0,0,0.0
151,Moderate,Moderate,None,2696380.251746783,662268.8337623678,2034111.4179844153,0.0,30,120,60.0
152,None,None,None,0.0,0.0,0.0,0.0,0,0,0.0
153,None,None,None,0.0,0.0,0.0,0.0,0,0,0.0
154,Slight,None,None,141914.75009193597,141914.75009193597,0.0,0.0,5,10,0.0
155,Moderate,Slight,None,1088013.0840381759,662268.8337623678,425744.250275808,0.0,30,120,60.0
156,None,None,None,0.0,0.0,0.0,0.0,0,0,0.0
157,Moderate,Moderate,None,2696380.251746783,662268.8337623678,2034111.4179844153,0.0,30,120,60.0
158,None,Slight,None,425744.250275808,0.0,425744.250275808,0.0,0,0,0.0
159,Slight,Moderate,Slight,3027514.668627967,141914.75009193597,2034111.4179844153,851488.5005516158,5,10,0.0
160,Extensive,Extensive,Extensive,31363159.77031785,3264039.2521145274,10075947.256527454,18023173.26167587,120,480,480.0
161,Moderate,Moderate,None,2696380.251746783,662268.8337623678,2034111.4179844153,0.0,30,120,60.0
162,Moderate,Moderate,Moderate,7095737.504596798,662268.8337623678,2034111.4179844153,4399357.252850015,30,120,60.0
163,Slight,Moderate,None,2176026.1680763513,141914.75009193597,2034111.4179844153,0.0,5,10,0.0
164,Moderate,Slight,Slight,1939501.5845897917,662268.8337623678,425744.250275808,851488.5005516158,30,120,60.0
165,Moderate,Moderate,Slight,3547868.752298399,662268.8337623678,2034111.4179844153,851488.5005516158,30,120,60.0
166,Slight,Slight,Slight,1419147.5009193597,141914.75009193597,425744.250275808,851488.5005516158,5,10,0.0
167,Slight,Moderate,Slight,3027514.668627967,141914.75009193597,2034111.4179844153,851488.5005516158,5,10,0.0
168,None,Moderate,Moderate,6433468.67083443,0.0,2034111.4179844153,4399357.252850015,0,0,0.0
169,Moderate,Slight,Moderate,5487370.33688819,662268.8337623678,425744.250275808,4399357.252850015,30,120,60.0
170,Slight,Moderate,None,2176026.1680763513,141914.75009193597,2034111.4179844153,0.0,5,10,0.0
171,Slight,Moderate,None,2176026.1680763513,141914.75009193597,2034111.4179844153,0.0,5,10,0.0
172,None,None,None,0.0,0.0,0.0,0.0,0,0,0.0
173,Slight,Slight,None,567659.0003677439,141914.75009193597,425744.250275808,0.0,5,10,0.0
174,None,Slight,None,425744.250275808,0.0,425744.250275808,0.0,0,0,0.0
175,Moderate,Moderate,Extensive,20719553.513422653,662268.8337623678,2034111.4179844153,18023173.26167587,30,120,60.0
176,Slight,Moderate,None,2176026.1680763513,141914.75009193597,2034111.4179844153,0.0,5,10,0.0
177,Slight,None,None,141914.75009193597,141914.75009193597,0.0,0.0,5,10,0.0
178,Extensive,Extensive,Moderate,17739343.761491995,3264039.2521145274,10075947.256527454,4399357.252850015,120,480,480.0
179,Slight,Slight,None,567659.0003677439,141914.75009193597,425744.250275808,0.0,5,10,0.0
180,Slight,Slight,None,567659.0003677439,141914.75009193597,425744.250275808,0.0,5,10,0.0
181,None,Slight,None,425744.250275808,0.0,425744.250275808,0.0,0,0,0.0
182,Slight,None,None,141914.75009193597,141914.75009193597,0.0,0.0,5,10,0.0
183,None,None,None,0.0,0.0,0.0,0.0,0,0,0.0
184,Slight,Slight,None,567659.0003677439,141914.75009193597,425744.250275808,0.0,5,10,0.0
185,None,None,None,0.0,0.0,0.0,0.0,0,0,0.0
186,Moderate,Slight,None,1088013.0840381759,662268.8337623678,425744.250275808,0.0,30,120,60.0
187,Slight,Moderate,None,2176026.1680763513,141914.75009193597,2034111.4179844153,0.0,5,10,0.0
188,Moderate,Moderate,None,2696380.251746783,662268.8337623678,2034111.4179844153,0.0,30,120,60.0
189,None,None,None,0.0,0.0,0.0,0.0,0,0,0.0
190,None,None,None,0.0,0.0,0.0,0.0,0,0,0.0
191,None,Moderate,None,2034111.4179844153,0.0,2034111.4179844153,0.0,0,0,0.0
192,Moderate,Moderate,None,2696380.251746783,662268.8337623678,2034111.4179844153,0.0,30,120,60.0
193,None,Slight,Slight,1277232.7508274238,0.0,425744.250275808,851488.5005516158,0,0,0.0
194,Slight,Slight,None,567659.0003677439,141914.75009193597,425744.250275808,0.0,5,10,0.0
195,Moderate,None,None,662268.8337623678,662268.8337623678,0.0,0.0,30,120,60.0
196,None,None,None,0.0,0.0,0.0,0.0,0,0,0.0
197,Slight,Moderate,Slight,3027514.668627967,141914.75009193597,2034111.4179844153,851488.5005516158,5,10,0.0
198,Moderate,Moderate,Slight,3547868.752298399,662268.8337623678,2034111.4179844153,851488.5005516158,30,120,60.0
199,Slight,Moderate,None,2176026.1680763513,141914.75009193597,2034111.4179844153,0.0,5,10,0.0
200,Moderate,None,None,662268.8337623678,662268.8337623678,0.0,0.0,30,120,60.0
201,None,None,None,0.0,0.0,0.0,0.0,0,0,0.0
202,None,Moderate,None,2034111.4179844153,0.0,2034111.4179844153,0.0,0,0,0.0
203,None,None,None,0.0,0.0,0.0,0.0,0,0,0.0
204,Complete,Complete,Complete,70957375.04596798,6528078.504229055,20104589.596357595,44324706.945381336,240,960,960.0
205,None,None,None,0.0,0.0,0.0,0.0,0,0,0.0
206,None,None,None,0.0,0.0,0.0,0.0,0,0,0.0
207,Slight,Slight,None,567659.0003677439,141914.75009193597,425744.250275808,0.0,5,10,0.0
208,Moderate,Slight,Slight,1939501.5845897917,662268.8337623678,425744.250275808,851488.5005516158,30,120,60.0
209,Slight,Moderate,None,2176026.1680763513,141914.75009193597,2034111.4179844153,0.0,5,10,0.0
210,None,Slight,None,425744.250275808,0.0,425744.250275808,0.0,0,0,0.0
211,Slight,Slight,Moderate,4967016.253217759,141914.75009193597,425744.250275808,4399357.252850015,5,10,0.0
212,Moderate,Slight,Slight,1939501.5845897917,662268.8337623678,425744.250275808,851488.5005516158,30,120,60.0
213,Slight,None,None,141914.75009193597,141914.75009193597,0.0,0.0,5,10,0.0
214,Moderate,Moderate,Extensive,20719553.513422653,662268.8337623678,2034111.4179844153,18023173.26167587,30,120,60.0
215,Moderate,Moderate,Moderate,7095737.504596798,662268.8337623678,2034111.4179844153,4399357.252850015,30,120,60.0
216,None,None,None,0.0,0.0,0.0,0.0,0,0,0.0
217,None,None,None,0.0,0.0,0.0,0.0,0,0,0.0
218,Moderate,Moderate,Slight,3547868.752298399,662268.8337623678,2034111.4179844153,851488.5005516158,30,120,60.0
219,Slight,Slight,None,567659.0003677439,141914.75009193597,425744.250275808,0.0,5,10,0.0
220,None,None,None,0.0,0.0,0.0,0.0,0,0,0.0
221,Slight,None,Moderate,4541272.002941951,141914.75009193597,0.0,4399357.252850015,5,10,0.0
222,Slight,None,None,141914.75009193597,141914.75009193597,0.0,0.0,5,10,0.0
223,None,None,None,0.0,0.0,0.0,0.0,0,0,0.0
224,None,None,None,0.0,0.0,0.0,0.0,0,0,0.0
225,Slight,Slight,None,567659.0003677439,141914.75009193597,425744.250275808,0.0,5,10,0.0
226,Moderate,Moderate,Slight,3547868.752298399,662268.8337623678,2034111.4179844153,851488.5005516158,30,120,60.0
227,Moderate,Moderate,None,2696380.251746783,662268.8337623678,2034111.4179844153,0.0,30,120,60.0
228,Moderate,Moderate,Slight,3547868.752298399,662268.8337623678,2034111.4179844153,851488.5005516158,30,120,60.0
229,Slight,Slight,Slight,1419147.5009193597,141914.75009193597,425744.250275808,851488.5005516158,5,10,0.0
230,None,None,None,0.0,0.0,0.0,0.0,0,0,0.0
231,None,Slight,None,425744.250275808,0.0,425744.250275808,0.0,0,0,0.0
232,None,Slight,None,425744.250275808,0.0,425744.250275808,0.0,0,0,0.0
233,None,None,None,0.0,0.0,0.0,0.0,0,0,0.0
234,Slight,None,None,141914.75009193597,141914.75009193597,0.0,0.0,5,10,0.0
235,Extensive,Moderate,Complete,49622857.61548028,3264039.2521145274,2034111.4179844153,44324706.945381336,120,480,480.0
236,Slight,Slight,Slight,1419147.5009193597,141914.75009193597,425744.250275808,851488.5005516158,5,10,0.0
237,Moderate,Moderate,Slight,3547868.752298399,662268.8337623678,2034111.4179844153,851488.5005516158,30,120,60.0
238,Slight,Slight,Slight,1419147.5009193597,141914.75009193597,425744.250275808,851488.5005516158,5,10,0.0
239,None,Moderate,None,2034111.4179844153,0.0,2034111.4179844153,0.0,0,0,0.0
240,Slight,Slight,None,567659.0003677439,141914.75009193597,425744.250275808,0.0,5,10,0.0
241,Moderate,Slight,Slight,1939501.5845897917,662268.8337623678,425744.250275808,851488.5005516158,30,120,60.0
242,Moderate,Moderate,None,2696380.251746783,662268.8337623678,2034111.4179844153,0.0,30,120,60.0
243,None,None,None,0.0,0.0,0.0,0.0,0,0,0.0
244,Extensive,Moderate,None,5298150.670098943,3264039.2521145274,2034111.4179844153,0.0,120,480,480.0
245,None,None,None,0.0,0.0,0.0,0.0,0,0,0.0
246,Slight,Moderate,None,2176026.1680763513,141914.75009193597,2034111.4179844153,0.0,5,10,0.0
247,None,None,None,0.0,0.0,0.0,0.0,0,0,0.0
248,Slight,None,None,141914.75009193597,141914.75009193597,0.0,0.0,5,10,0.0
249,None,Slight,Slight,1277232.7508274238,0.0,425744.250275808,851488.5005516158,0,0,0.0
250,None,None,None,0.0,0.0,0.0,0.0,0,0,0.0
251,None,None,None,0.0,0.0,0.0,0.0,0,0,0.0
252,None,Slight,None,425744.250275808,0.0,425744.250275808,0.0,0,0,0.0
253,Slight,Moderate,Slight,3027514.668627967,141914.75009193597,2034111.4179844153,851488.5005516158,5,10,0.0
254,None,None,None,0.0,0.0,0.0,0.0,0,0,0.0
255,Slight,Slight,Moderate,4967016.253217759,141914.75009193597,425744.250275808,4399357.252850015,5,10,0.0
256,Moderate,Moderate,None,2696380.251746783,662268.8337623678,2034111.4179844153,0.0,30,120,60.0
257,Slight,Slight,Slight,1419147.5009193597,141914.75009193597,425744.250275808,851488.5005516158,5,10,0.0
258,Moderate,Moderate,Slight,3547868.752298399,662268.8337623678,2034111.4179844153,851488.5005516158,30,120,60.0
259,Complete,Complete,Complete,70957375.04596798,6528078.504229055,20104589.596357595,44324706.945381336,240,960,960.0
260,Slight,Slight,Slight,1419147.5009193597,141914.75009193597,425744.250275808,851488.5005516158,5,10,0.0
261,None,None,None,0.0,0.0,0.0,0.0,0,0,0.0
262,Moderate,None,None,662268.8337623678,662268.8337623678,0.0,0.0,30,120,60.0
263,None,None,None,0.0,0.0,0.0,0.0,0,0,0.0
264,Slight,Slight,None,567659.0003677439,141914.75009193597,425744.250275808,0.0,5,10,0.0
265,None,None,None,0.0,0.0,0.0,0.0,0,0,0.0
266,None,None,None,0.0,0.0,0.0,0.0,0,0,0.0
267,None,Slight,None,425744.250275808,0.0,425744.250275808,0.0,0,0,0.0
268,None,None,None,0.0,0.0,0.0,0.0,0,0,0.0
269,None,Slight,None,425744.250275808,0.0,425744.250275808,0.0,0,0,0.0
270,None,None,None,0.0,0.0,0.0,0.0,0,0,0.0
271,Moderate,Moderate,Slight,3547868.752298399,662268.8337623678,2034111.4179844153,851488.5005516158,30,120,60.0
272,None,None,None,0.0,0.0,0.0,0.0,0,0,0.0
273,None,None,None,0.0,0.0,0.0,0.0,0,0,0.0
274,Slight,Moderate,Slight,3027514.668627967,141914.75009193597,2034111.4179844153,851488.5005516158,5,10,0.0
275,Slight,Slight,Slight,1419147.5009193597,141914.75009193597,425744.250275808,851488.5005516158,5,10,0.0
276,None,None,None,0.0,0.0,0.0,0.0,0,0,0.0
277,Moderate,Moderate,None,2696380.251746783,662268.8337623678,2034111.4179844153,0.0,30,120,60.0
278,None,Slight,Slight,1277232.7508274238,0.0,425744.250275808,851488.5005516158,0,0,0.0
279,Slight,Moderate,None,2176026.1680763513,141914.75009193597,2034111.4179844153,0.0,5,10,0.0
280,Slight,Slight,None,567659.0003677439,141914.75009193597,425744.250275808,0.0,5,10,0.0
281,Slight,Slight,None,567659.0003677439,141914.75009193597,425744.250275808,0.0,5,10,0.0
282,None,Slight,None,425744.250275808,0.0,425744.250275808,0.0,0,0,0.0
283,Moderate,Moderate,Moderate,7095737.504596798,662268.8337623678,2034111.4179844153,4399357.252850015,30,120,60.0
284,Slight,Slight,None,567659.0003677439,141914.75009193597,425744.250275808,0.0,5,10,0.0
285,Moderate,Moderate,Slight,3547868.752298399,662268.8337623678,2034111.4179844153,851488.5005516158,30,120,60.0
286,Moderate,Moderate,Extensive,20719553.513422653,662268.8337623678,2034111.4179844153,18023173.26167587,30,120,60.0
287,Moderate,Moderate,None,2696380.251746783,662268.8337623678,2034111.4179844153,0.0,30,120,60.0
288,None,None,None,0.0,0.0,0.0,0.0,0,0,0.0
289,Slight,None,Moderate,4541272.002941951,141914.75009193597,0.0,4399357.252850015,5,10,0.0
290,Moderate,Moderate,Moderate,7095737.504596798,662268.8337623678,2034111.4179844153,4399357.252850015,30,120,60.0
291,None,Slight,None,425744.250275808,0.0,425744.250275808,0.0,0,0,0.0
292,None,None,None,0.0,0.0,0.0,0.0,0,0,0.0
293,Moderate,None,None,662268.8337623678,662268.8337623678,0.0,0.0,30,120,60.0
294,Slight,Slight,None,567659.0003677439,141914.75009193597,425744.250275808,0.0,5,10,0.0
295,None,None,None,0.0,0.0,0.0,0.0,0,0,0.0
296,None,None,None,0.0,0.0,0.0,0.0,0,0,0.0
297,Moderate,Slight,None,1088013.0840381759,662268.8337623678,425744.250275808,0.0,30,120,60.0
298,Moderate,Moderate,Slight,3547868.752298399,662268.8337623678,2034111.4179844153,851488.5005516158,30,120,60.0
299,Slight,Moderate,Moderate,6575383.420926366,141914.75009193597,2034111.4179844153,4399357.252850015,5,10,0.0
300,Moderate,Slight,Slight,1939501.5845897917,662268.8337623678,425744.250275808,851488.5005516158,30,120,60.0
301,None,Slight,None,425744.250275808,0.0,425744.250275808,0.0,0,0,0.0
302,Moderate,Slight,None,1088013.0840381759,662268.8337623678,425744.250275808,0.0,30,120,60.0
303,Slight,None,Slight,993403.2506435518,141914.75009193597,0.0,851488.5005516158,5,10,0.0
304,None,None,None,0.0,0.0,0.0,0.0,0,0,0.0
305,Slight,None,Moderate,4541272.002941951,141914.75009193597,0.0,4399357.252850015,5,10,0.0
306,Slight,Slight,Slight,1419147.5009193597,141914.75009193597,425744.250275808,851488.5005516158,5,10,0.0
307,Moderate,Moderate,None,2696380.251746783,662268.8337623678,2034111.4179844153,0.0,30,120,60.0
308,None,None,None,0.0,0.0,0.0,0.0,0,0,0.0
309,None,Slight,None,425744.250275808,0.0,425744.250275808,0.0,0,0,0.0
310,None,None,None,0.0,0.0,0.0,0.0,0,0,0.0
311,Slight,None,None,141914.75009193597,141914.75009193597,0.0,0.0,5,10,0.0
312,None,Slight,None,425744.250275808,0.0,425744.250275808,0.0,0,0,0.0
313,Moderate,Slight,None,1088013.0840381759,662268.8337623678,425744.250275808,0.0,30,120,60.0
314,Moderate,Extensive,None,10738216.090289822,662268.8337623678,10075947.256527454,0.0,30,120,60.0
315,Moderate,Extensive,Slight,11589704.590841439,662268.8337623678,10075947.256527454,851488.5005516158,30,120,60.0
316,None,Slight,None,425744.250275808,0.0,425744.250275808,0.0,0,0,0.0
317,Moderate,Moderate,Moderate,7095737.504596798,662268.8337623678,2034111.4179844153,4399357.252850015,30,120,60.0
318,Moderate,Moderate,Slight,3547868.752298399,662268.8337623678,2034111.4179844153,851488.5005516158,30,120,60.0
319,Slight,Moderate,None,2176026.1680763513,141914.75009193597,2034111.4179844153,0.0,5,10,0.0
320,Extensive,Moderate,Complete,49622857.61548028,3264039.2521145274,2034111.4179844153,44324706.945381336,120,480,480.0
321,Moderate,Moderate,Moderate,7095737.504596798,662268.8337623678,2034111.4179844153,4399357.252850015,30,120,60.0
322,None,None,None,0.0,0.0,0.0,0.0,0,0,0.0
323,Slight,Slight,None,567659.0003677439,141914.75009193597,425744.250275808,0.0,5,10,0.0
324,None,None,None,0.0,0.0,0.0,0.0,0,0,0.0
325,Slight,Moderate,None,2176026.1680763513,141914.75009193597,2034111.4179844153,0.0,5,10,0.0
326,Moderate,Moderate,Slight,3547868.752298399,662268.8337623678,2034111.4179844153,851488.5005516158,30,120,60.0
327,Moderate,Slight,None,1088013.0840381759,662268.8337623678,425744.250275808,0.0,30,120,60.0
328,Slight,Moderate,Slight,3027514.668627967,141914.75009193597,2034111.4179844153,851488.5005516158,5,10,0.0
329,None,None,None,0.0,0.0,0.0,0.0,0,0,0.0
330,None,Slight,None,425744.250275808,0.0,425744.250275808,0.0,0,0,0.0
331,Moderate,Slight,Moderate,5487370.33688819,662268.8337623678,425744.250275808,4399357.252850015,30,120,60.0
332,Slight,Moderate,Slight,3027514.668627967,141914.75009193597,2034111.4179844153,851488.5005516158,5,10,0.0
333,Extensive,Moderate,None,5298150.670098943,3264039.2521145274,2034111.4179844153,0.0,120,480,480.0
334,Moderate,Moderate,None,2696380.251746783,662268.8337623678,2034111.4179844153,0.0,30,120,60.0
335,None,None,None,0.0,0.0,0.0,0.0,0,0,0.0
336,Slight,Moderate,None,2176026.1680763513,141914.75009193597,2034111.4179844153,0.0,5,10,0.0
337,Moderate,Complete,Slight,21618346.930671576,662268.8337623678,20104589.596357595,851488.5005516158,30,120,60.0
338,Moderate,None,None,662268.8337623678,662268.8337623678,0.0,0.0,30,120,60.0
339,Moderate,Moderate,Slight,3547868.752298399,662268.8337623678,2034111.4179844153,851488.5005516158,30,120,60.0
340,Slight,Moderate,None,2176026.1680763513,141914.75009193597,2034111.4179844153,0.0,5,10,0.0
341,Slight,Slight,Slight,1419147.5009193597,141914.75009193597,425744.250275808,851488.5005516158,5,10,0.0
342,Slight,Moderate,None,2176026.1680763513,141914.75009193597,2034111.4179844153,0.0,5,10,0.0
343,Moderate,Moderate,Slight,3547868.752298399,662268.8337623678,2034111.4179844153,851488.5005516158,30,120,60.0
344,Slight,None,Slight,993403.2506435518,141914.75009193597,0.0,851488.5005516158,5,10,0.0
345,None,Slight,None,425744.250275808,0.0,425744.250275808,0.0,0,0,0.0
346,Slight,Moderate,Slight,3027514.668627967,141914.75009193597,2034111.4179844153,851488.5005516158,5,10,0.0
347,None,None,None,0.0,0.0,0.0,0.0,0,0,0.0
348,None,None,None,0.0,0.0,0.0,0.0,0,0,0.0
349,Slight,Slight,Slight,1419147.5009193597,141914.75009193597,425744.250275808,851488.5005516158,5,10,0.0
350,None,None,None,0.0,0.0,0.0,0.0,0,0,0.0
351,Slight,Moderate,Slight,3027514.668627967,141914.75009193597,2034111.4179844153,851488.5005516158,5,10,0.0
352,Moderate,Slight,None,1088013.0840381759,662268.8337623678,425744.250275808,0.0,30,120,60.0
353,None,Slight,None,425744.250275808,0.0,425744.250275808,0.0,0,0,0.0
354,Slight,Slight,None,567659.0003677439,141914.75009193597,425744.250275808,0.0,5,10,0.0
355,Slight,Slight,None,567659.0003677439,141914.75009193597,425744.250275808,0.0,5,10,0.0
356,None,None,None,0.0,0.0,0.0,0.0,0,0,0.0
357,Moderate,None,None,662268.8337623678,662268.8337623678,0.0,0.0,30,120,60.0
358,None,None,None,0.0,0.0,0.0,0.0,0,0,0.0
359,Moderate,None,None,662268.8337623678,662268.8337623678,0.0,0.0,30,120,60.0
360,Moderate,Slight,None,1088013.0840381759,662268.8337623678,425744.250275808,0.0,30,120,60.0
361,Moderate,Slight,Slight,1939501.5845897917,662268.8337623678,425744.250275808,851488.5005516158,30,120,60.0
362,None,None,None,0.0,0.0,0.0,0.0,0,0,0.0
363,None,None,None,0.0,0.0,0.0,0.0,0,0,0.0
364,None,None,None,0.0,0.0,0.0,0.0,0,0,0.0
365,Moderate,Slight,Slight,1939501.5845897917,662268.8337623678,425744.250275808,851488.5005516158,30,120,60.0
366,Extensive,Moderate,Moderate,9697507.922948956,3264039.2521145274,2034111.4179844153,4399357.252850015,120,480,480.0
367,None,None,None,0.0,0.0,0.0,0.0,0,0,0.0
368,Moderate,Moderate,Moderate,7095737.504596798,662268.8337623678,2034111.4179844153,4399357.252850015,30,120,60.0
369,Moderate,Moderate,Moderate,7095737.504596798,662268.8337623678,2034111.4179844153,4399357.252850015,30,120,60.0
370,Moderate,None,None,662268.8337623678,662268.8337623678,0.0,0.0,30,120,60.0
371,Extensive,Moderate,Slight,6149639.170650559,3264039.2521145274,2034111.4179844153,851488.5005516158,120,480,480.0
372,None,Slight,None,425744.250275808,0.0,425744.250275808,0.0,0,0,0.0
373,None,None,None,0.0,0.0,0.0,0.0,0,0,0.0
374,Moderate,Slight,None,1088013.0840381759,662268.8337623678,425744.250275808,0.0,30,120,60.0
375,Moderate,Extensive,Moderate,15137573.343139837,662268.8337623678,10075947.256527454,4399357.252850015,30,120,60.0
376,Moderate,Moderate,Moderate,7095737.504596798,662268.8337623678,2034111.4179844153,4399357.252850015,30,120,60.0
377,Slight,None,None,141914.75009193597,141914.75009193597,0.0,0.0,5,10,0.0
378,Slight,Slight,Moderate,4967016.253217759,141914.75009193597,425744.250275808,4399357.252850015,5,10,0.0
379,Moderate,None,Slight,1513757.3343139836,662268.8337623678,0.0,851488.5005516158,30,120,60.0
380,Slight,Moderate,None,2176026.1680763513,141914.75009193597,2034111.4179844153,0.0,5,10,0.0
381,None,Slight,None,425744.250275808,0.0,425744.250275808,0.0,0,0,0.0
382,Slight,Moderate,None,2176026.1680763513,141914.75009193597,2034111.4179844153,0.0,5,10,0.0
383,Slight,None,None,141914.75009193597,141914.75009193597,0.0,0.0,5,10,0.0
384,Moderate,Slight,None,1088013.0840381759,662268.8337623678,425744.250275808,0.0,30,120,60.0
385,Slight,Moderate,None,2176026.1680763513,141914.75009193597,2034111.4179844153,0.0,5,10,0.0
386,Slight,Moderate,Slight,3027514.668627967,141914.75009193597,2034111.4179844153,851488.5005516158,5,10,0.0
387,None,None,None,0.0,0.0,0.0,0.0,0,0,0.0
388,Moderate,Slight,Moderate,5487370.33688819,662268.8337623678,425744.250275808,4399357.252850015,30,120,60.0
389,Slight,Extensive,Slight,11069350.507171005,141914.75009193597,10075947.256527454,851488.5005516158,5,10,0.0
390,None,None,None,0.0,0.0,0.0,0.0,0,0,0.0
391,None,Moderate,None,2034111.4179844153,0.0,2034111.4179844153,0.0,0,0,0.0
392,Slight,Slight,Moderate,4967016.253217759,141914.75009193597,425744.250275808,4399357.252850015,5,10,0.0
393,None,Slight,None,425744.250275808,0.0,425744.250275808,0.0,0,0,0.0
394,None,None,None,0.0,0.0,0.0,0.0,0,0,0.0
395,None,None,None,0.0,0.0,0.0,0.0,0,0,0.0
396,Slight,None,None,141914.75009193597,141914.75009193597,0.0,0.0,5,10,0.0
397,Moderate,Moderate,Slight,3547868.752298399,662268.8337623678,2034111.4179844153,851488.5005516158,30,120,60.0
398,Slight,Slight,None,567659.0003677439,141914.75009193597,425744.250275808,0.0,5,10,0.0
399,Slight,None,Slight,993403.2506435518,141914.75009193597,0.0,851488.5005516158,5,10,0.0
400,Moderate,Complete,Moderate,25166215.682969976,662268.8337623678,20104589.596357595,4399357.252850015,30,120,60.0
401,Moderate,Slight,Slight,1939501.5845897917,662268.8337623678,425744.250275808,851488.5005516158,30,120,60.0
402,Moderate,Complete,Extensive,38790031.691795826,662268.8337623678,20104589.596357595,18023173.26167587,30,120,60.0
403,Slight,Moderate,None,2176026.1680763513,141914.75009193597,2034111.4179844153,0.0,5,10,0.0
404,Slight,Moderate,None,2176026.1680763513,141914.75009193597,2034111.4179844153,0.0,5,10,0.0
405,None,None,None,0.0,0.0,0.0,0.0,0,0,0.0
406,None,None,None,0.0,0.0,0.0,0.0,0,0,0.0
407,Slight,None,None,141914.75009193597,141914.75009193597,0.0,0.0,5,10,0.0
408,None,Slight,Moderate,4825101.503125823,0.0,425744.250275808,4399357.252850015,0,0,0.0
409,Moderate,Moderate,Moderate,7095737.504596798,662268.8337623678,2034111.4179844153,4399357.252850015,30,120,60.0
410,Slight,Slight,Moderate,4967016.253217759,141914.75009193597,425744.250275808,4399357.252850015,5,10,0.0
411,None,None,None,0.0,0.0,0.0,0.0,0,0,0.0
412,Slight,None,None,141914.75009193597,141914.75009193597,0.0,0.0,5,10,0.0
413,None,Moderate,None,2034111.4179844153,0.0,2034111.4179844153,0.0,0,0,0.0
414,None,None,None,0.0,0.0,0.0,0.0,0,0,0.0
415,Moderate,Moderate,None,2696380.251746783,662268.8337623678,2034111.4179844153,0.0,30,120,60.0
416,None,Moderate,None,2034111.4179844153,0.0,2034111.4179844153,0.0,0,0,0.0
417,Complete,Complete,Complete,70957375.04596798,6528078.504229055,20104589.596357595,44324706.945381336,240,960,960.0
418,Moderate,Moderate,Slight,3547868.752298399,662268.8337623678,2034111.4179844153,851488.5005516158,30,120,60.0
419,Moderate,Slight,Slight,1939501.5845897917,662268.8337623678,425744.250275808,851488.5005516158,30,120,60.0
420,Moderate,Moderate,Slight,3547868.752298399,662268.8337623678,2034111.4179844153,851488.5005516158,30,120,60.0
421,Slight,None,Moderate,4541272.002941951,141914.75009193597,0.0,4399357.252850015,5,10,0.0
422,Moderate,None,None,662268.8337623678,662268.8337623678,0.0,0.0,30,120,60.0
423,Slight,None,Moderate,4541272.002941951,141914.75009193597,0.0,4399357.252850015,5,10,0.0
424,None,Slight,None,425744.250275808,0.0,425744.250275808,0.0,0,0,0.0
425,Moderate,Moderate,Slight,3547868.752298399,662268.8337623678,2034111.4179844153,851488.5005516158,30,120,60.0
426,None,Moderate,None,2034111.4179844153,0.0,2034111.4179844153,0.0,0,0,0.0
427,None,Slight,None,425744.250275808,0.0,425744.250275808,0.0,0,0,0.0
428,None,None,None,0.0,0.0,0.0,0.0,0,0,0.0
429,Slight,Moderate,None,2176026.1680763513,141914.75009193597,2034111.4179844153,0.0,5,10,0.0
430,Moderate,Moderate,None,2696380.251746783,662268.8337623678,2034111.4179844153,0.0,30,120,60.0
431,None,Moderate,Slight,2885599.918536031,0.0,2034111.4179844153,851488.5005516158,0,0,0.0
432,None,None,None,0.0,0.0,0.0,0.0,0,0,0.0
433,None,None,None,0.0,0.0,0.0,0.0,0,0,0.0
434,None,None,None,0.0,0.0,0.0,0.0,0,0,0.0
435,Moderate,Slight,None,1088013.0840381759,662268.8337623678,425744.250275808,0.0,30,120,60.0
436,None,None,None,0.0,0.0,0.0,0.0,0,0,0.0
437,Moderate,Moderate,Moderate,7095737.504596798,662268.8337623678,2034111.4179844153,4399357.252850015,30,120,60.0
438,Slight,Moderate,None,2176026.1680763513,141914.75009193597,2034111.4179844153,0.0,5,10,0.0
439,Slight,Moderate,None,2176026.1680763513,141914.75009193597,2034111.4179844153,0.0,5,10,0.0
440,Moderate,Moderate,Slight,3547868.752298399,662268.8337623678,2034111.4179844153,851488.5005516158,30,120,60.0
441,Moderate,Moderate,None,2696380.251746783,662268.8337623678,2034111.4179844153,0.0,30,120,60.0
442,Slight,Slight,Slight,1419147.5009193597,141914.75009193597,425744.250275808,851488.5005516158,5,10,0.0
443,None,None,None,0.0,0.0,0.0,0.0,0,0,0.0
444,Slight,Slight,None,567659.0003677439,141914.75009193597,425744.250275808,0.0,5,10,0.0
445,Slight,Moderate,Slight,3027514.668627967,141914.75009193597,2034111.4179844153,851488.5005516158,5,10,0.0
446,Slight,None,None,141914.75009193597,141914.75009193597,0.0,0.0,5,10,0.0
447,Moderate,Slight,None,1088013.0840381759,662268.8337623678,425744.250275808,0.0,30,120,60.0
448,Moderate,Moderate,None,2696380.251746783,662268.8337623678,2034111.4179844153,0.0,30,120,60.0
449,Moderate,Extensive,Moderate,15137573.343139837,662268.8337623678,10075947.256527454,4399357.252850015,30,120,60.0
450,Moderate,Slight,None,1088013.0840381759,662268.8337623678,425744.250275808,0.0,30,120,60.0
451,None,None,None,0.0,0.0,0.0,0.0,0,0,0.0
452,Slight,Slight,None,567659.0003677439,141914.75009193597,425744.250275808,0.0,5,10,0.0
453,None,Slight,None,425744.250275808,0.0,425744.250275808,0.0,0,0,0.0
454,Moderate,Moderate,None,2696380.251746783,662268.8337623678,2034111.4179844153,0.0,30,120,60.0
455,None,None,None,0.0,0.0,0.0,0.0,0,0,0.0
456,None,Moderate,Moderate,6433468.67083443,0.0,2034111.4179844153,4399357.252850015,0,0,0.0
457,Slight,None,Slight,993403.2506435518,141914.75009193597,0.0,851488.5005516158,5,10,0.0
458,Moderate,Moderate,None,2696380.251746783,662268.8337623678,2034111.4179844153,0.0,30,120,60.0
459,Slight,None,Slight,993403.2506435518,141914.75009193597,0.0,851488.5005516158,5,10,0.0
460,Slight,None,Moderate,4541272.002941951,141914.75009193597,0.0,4399357.252850015,5,10,0.0
461,Slight,Moderate,None,2176026.1680763513,141914.75009193597,2034111.4179844153,0.0,5,10,0.0
462,Slight,None,None,141914.75009193597,141914.75009193597,0.0,0.0,5,10,0.0
463,None,None,None,0.0,0.0,0.0,0.0,0,0,0.0
464,Slight,Moderate,None,2176026.1680763513,141914.75009193597,2034111.4179844153,0.0,5,10,0.0
465,Slight,Slight,Slight,1419147.5009193597,141914.75009193597,425744.250275808,851488.5005516158,5,10,0.0
466,Slight,Slight,None,567659.0003677439,141914.75009193597,425744.250275808,0.0,5,10,0.0
467,None,Slight,None,425744.250275808,0.0,425744.250275808,0.0,0,0,0.0
468,Slight,Moderate,None,2176026.1680763513,141914.75009193597,2034111.4179844153,0.0,5,10,0.0
469,None,Moderate,None,2034111.4179844153,0.0,2034111.4179844153,0.0,0,0,0.0
470,None,None,None,0.0,0.0,0.0,0.0,0,0,0.0
471,None,Slight,None,425744.250275808,0.0,425744.250275808,0.0,0,0,0.0
472,Slight,None,None,141914.75009193597,141914.75009193597,0.0,0.0,5,10,0.0
473,Moderate,Slight,None,1088013.0840381759,662268.8337623678,425744.250275808,0.0,30,120,60.0
474,Moderate,Moderate,None,2696380.251746783,662268.8337623678,2034111.4179844153,0.0,30,120,60.0
475,None,None,None,0.0,0.0,0.0,0.0,0,0,0.0
476,Slight,Moderate,Slight,3027514.668627967,141914.75009193597,2034111.4179844153,851488.5005516158,5,10,0.0
477,Moderate,Slight,None,1088013.0840381759,662268.8337623678,425744.250275808,0.0,30,120,60.0
478,Slight,Slight,None,567659.0003677439,141914.75009193597,425744.250275808,0.0,5,10,0.0
479,Slight,None,None,141914.75009193597,141914.75009193597,0.0,0.0,5,10,0.0
480,None,Slight,None,425744.250275808,0.0,425744.250275808,0.0,0,0,0.0
481,Moderate,Moderate,None,2696380.251746783,662268.8337623678,2034111.4179844153,0.0,30,120,60.0
482,Slight,Moderate,None,2176026.1680763513,141914.75009193597,2034111.4179844153,0.0,5,10,0.0
483,None,None,None,0.0,0.0,0.0,0.0,0,0,0.0
484,Moderate,Moderate,None,2696380.251746783,662268.8337623678,2034111.4179844153,0.0,30,120,60.0
485,Moderate,Moderate,None,2696380.251746783,662268.8337623678,2034111.4179844153,0.0,30,120,60.0
486,Slight,None,Slight,993403.2506435518,141914.75009193597,0.0,851488.5005516158,5,10,0.0
487,Moderate,Moderate,Slight,3547868.752298399,662268.8337623678,2034111.4179844153,851488.5005516158,30,120,60.0
488,Moderate,Moderate,Moderate,7095737.504596798,662268.8337623678,2034111.4179844153,4399357.252850015,30,120,60.0
489,Moderate,Slight,Slight,1939501.5845897917,662268.8337623678,425744.250275808,851488.5005516158,30,120,60.0
490,Moderate,Moderate,Moderate,7095737.504596798,662268.8337623678,2034111.4179844153,4399357.252850015,30,120,60.0
491,Moderate,None,None,662268.8337623678,662268.8337623678,0.0,0.0,30,120,60.0
492,None,None,None,0.0,0.0,0.0,0.0,0,0,0.0
493,Moderate,Moderate,None,2696380.251746783,662268.8337623678,2034111.4179844153,0.0,30,120,60.0
494,Slight,None,None,141914.75009193597,141914.75009193597,0.0,0.0,5,10,0.0
495,None,None,None,0.0,0.0,0.0,0.0,0,0,0.0
496,Slight,Extensive,Moderate,14617219.259469405,141914.75009193597,10075947.256527454,4399357.252850015,5,10,0.0
497,Slight,Slight,None,567659.0003677439,141914.75009193597,425744.250275808,0.0,5,10,0.0
498,Slight,None,None,141914.75009193597,141914.75009193597,0.0,0.0,5,10,0.0
499,Moderate,None,None,662268.8337623678,662268.8337623678,0.0,0.0,30,120,60.0
