,IM,MaxDrift,MaxAbsAccel,ResDrift
0,0.3860887885093689,0.03547420569618927,2.964525364061532,0.0012022071481432417
1,0.24739164113998413,,,
2,0.07029374688863754,0.005326950024869021,1.0155555271303858,1.7618728005159235e-05
3,0.21535003185272217,0.02224556375927691,3.147985678815631,0.0006543593948524895
4,0.18623213469982147,0.0173065563497633,2.3787959245600017,0.00015442463005654715
5,0.32655251026153564,0.026392418433721147,2.7316616626546413,0.0003195685785031744
6,0.3321971297264099,0.03406574597612727,2.503579005922688,0.00010150141939105303
7,0.21818067133426666,0.027812316640971484,3.253728553289784,0.00040317248559063913
8,0.15900112688541412,0.008486083268771144,1.6374581734313303,0.0001559645317960441
9,0.1035652756690979,0.006454153955750689,1.205033112688228,3.1258695661584713e-06
10,0.4190709590911865,0.02889101399807455,3.6123451919707454,0.0029462779414340915
11,0.6225799918174744,0.03669017083903476,4.136318570578941,0.0024018598155747272
12,0.34072035551071167,0.06074637243690564,5.551754739712397,0.0013101747456912716
13,0.036668259650468826,0.0064766851350008215,0.8953298726953939,2.00569173505006e-05
14,0.27186471223831177,0.013003011347589404,1.75841736509026,6.921487059360813e-05
15,0.2093350887298584,0.01322074255505407,1.7704922865779689,8.218607604297957e-05
16,0.051045000553131104,0.009227021898742561,1.7301770917675392,0.006501329838817861
17,0.11904966086149216,0.016406360948136564,2.33498646942518,0.0004483147388729361
18,0.7677956819534302,0.19723743469122268,11.143299336851207,0.011484643099398147
19,0.20078498125076294,0.011092633256376456,1.6263027970659467,1.529503403583144e-05
20,0.2876913845539093,0.03729017153658534,5.239361303043265,0.005147536147737404
21,0.33207035064697266,0.0337130704431643,2.565950419266096,0.00038510892544215406
22,0.054565466940402985,0.007853124008919106,0.8400946479114719,5.3646205053768786e-05
23,0.08559077978134155,0.008687546855106006,1.3448408560045677,0.0008011693702563512
24,0.16334168612957,0.009899822835205161,1.7586540349054338,0.0004891153630363428
25,0.21514903008937836,0.04345658695905067,4.446935846110431,0.0026967686480691287
26,0.2697894275188446,0.015625922487869738,2.588138245454516,0.0002615457712077933
27,0.25187739729881287,0.012528119831861877,1.8777812917901042,0.00019560482676431596
28,0.2851473093032837,0.019141610139902097,2.6520874042814473,0.0013657460614566422
29,0.16731449961662292,0.003942283350142292,0.6427909627833401,3.3337336444646154e-06
30,0.11531657725572586,0.007699436135154337,1.155615813915018,4.948713452243704e-05
31,0.08856616169214249,0.004336054292693539,0.763114771795677,1.1319234136319056e-05
32,0.30525922775268555,0.042218193362167256,3.2781101689234298,0.0008436725684747272
33,0.11042285710573196,0.0049130631653989615,0.7719178308874576,0.0011556525223992253
34,0.1738116443157196,0.009030384040379284,1.3620154575684975,0.00013238417331195627
35,0.14035066962242126,0.01123349249415178,1.263388925423149,0.00014863502841923367
36,0.3026078939437866,0.012575344062903672,2.450468947587089,0.0012707287781110507
37,0.28269463777542114,0.03809686855010476,3.106893884930793,0.01212718197234696
38,0.17339468002319336,0.010324034852636436,1.7622659670126921,0.00016982698408345325
39,0.22665536403656006,0.015535791968536035,2.2246715459221185,0.0001081551785741584
40,0.035081375390291214,0.002587261663103029,0.4399106160498983,1.0233846119209887e-05
41,0.41825562715530396,0.018007651454089613,2.311921229180729,0.001073123788716972
42,0.08857852220535278,0.0040681479830510766,0.6916722884413629,1.0812159441484454e-06
43,0.057535570114851,0.0032345008444427167,0.5403285599176179,1.3657708111711116e-05
44,0.12054934352636337,0.00494281570810895,0.7195070922929587,0.00017915344118567627
45,0.15590578317642212,0.0163305567971866,2.6507974941801784,2.2141660056342042e-05
46,0.2023000568151474,0.030261771405713723,2.987342992253799,0.00167025968990329
47,0.28454187512397766,0.01882882250094956,2.0288444736919313,8.341257941076522e-05
48,0.3735555410385132,0.03825980938762249,3.116088263243449,0.0037767226845991857
49,0.4245694577693939,0.046607124705493184,3.8013319226141276,0.013552832138000369
50,0.11049621552228928,0.005140377120637199,0.7786171729558007,0.00019925422741452558
51,0.15387320518493652,0.00693007142050723,0.8826440815903104,3.4665574481547497e-06
52,0.1754724085330963,0.017712122043245564,2.493833138740013,8.939395661955241e-06
53,0.2748928964138031,0.02107435922697601,2.490579422272906,0.0017881992632397601
54,0.10544446855783463,0.010859954752287968,1.6379026619382706,0.001472881209119316
55,0.20334835350513458,0.019657324843275346,2.2340139432106003,0.0005203952776574331
56,0.08356939256191254,0.00460678891314677,0.7689820123722566,2.309112254720236e-06
57,0.18645672500133514,0.010109914295668477,1.3318043176310497,8.749248123928634e-06
58,0.09192216396331787,0.0036157587367344536,0.5678606582142353,1.8825777895731137e-06
59,0.0936155840754509,0.025527439708537745,3.171524922919069,0.1270997625682322
60,0.1616780310869217,0.01579749107401206,2.0948932000465708,0.0006862111692302295
61,0.18420925736427307,0.011313308390367463,1.6292487632257948,2.6580420434016865e-05
62,0.05163002014160156,0.004736235690701772,0.8193473087258084,9.38341810182847e-05
63,0.28133726119995117,0.021619510455273966,2.849100377353519,0.0015134710876559278
64,0.18241530656814575,0.007174600043986021,1.349079361355404,2.5052021404809206e-06
65,0.1152091920375824,0.0042615324019531775,0.6288938937318702,0.00015514997781139543
66,0.05379485338926315,0.007991929013143823,1.0721900003234615,8.732842741466223e-05
67,0.312485933303833,0.010471266618076102,2.0036356774675106,4.2988831526241034e-05
68,0.4451881945133209,0.06504288019307826,4.09845212962809,0.01541815499970778
69,0.08299770951271057,0.010559842909209917,1.5875181466859418,0.0068684818862365556
70,0.09868178516626358,0.006213765529378587,0.8383931455309273,2.2232428038583293e-05
71,0.10495942831039429,0.008764350054633031,1.2481145065895745,3.49257650877892e-05
72,0.14006763696670532,0.012106471380213072,1.5582244575009792,0.0022015616585762746
73,0.1498957723379135,0.01847099420737851,2.6287392218461094,0.00010525588119723724
74,0.0855373814702034,0.004240516017823408,0.7883447113980703,1.541867788293865e-05
75,0.2192407101392746,0.023277593643966296,2.675893981400609,0.0005611185527352993
76,0.16732116043567657,0.004050592687113916,0.7764704196079499,1.2398676874320027e-05
77,0.31331223249435425,0.023369321264572616,3.6029733407144735,0.003522283906496278
78,0.1623985320329666,0.008198678687347654,1.0960953949470529,0.0006917041425283659
79,0.09035897254943848,0.008561471234899226,1.224189275190317,2.2320768472269363e-05
80,0.06521759182214737,0.014694147993947063,1.7835969756911274,0.0010168937802468858
81,0.091346375644207,0.007862355445274938,0.9400107692719226,9.047170450770365e-06
82,0.029111193493008614,0.0029180601783860144,0.4525439197196572,4.149579942599942e-06
83,0.2516803741455078,0.023068160406900472,3.2369279803437596,0.002554820077983592
84,0.21753457188606262,0.01134986763670231,1.7608156136627735,4.265993487381673e-05
85,0.4045751094818115,0.035259363030480995,3.6417999656616495,0.00560685784144661
86,0.08375393599271774,0.010301656592128276,1.3279870836732481,6.6851159977693e-05
87,0.1558588594198227,0.01332144082680336,1.8952095026034677,2.4832971417025265e-05
88,0.06759095937013626,0.004040808645091217,0.7510209164440793,3.99897379290796e-05
89,0.1294657438993454,0.007810818371921972,1.0468905101178563,0.00013278999657607944
90,0.0740056186914444,0.003929363074342522,0.5680271472549621,1.2716881515957047e-05
91,0.1578887552022934,0.017736280617283114,2.041317462036232,0.0005468221316221269
92,0.06933020800352097,0.00821166826810782,0.8679736147979338,9.364838747574941e-05
93,0.11884292215108871,0.009638899396782375,1.2224315751874915,1.5467057314818367e-05
94,0.16300183534622192,0.017606329223224422,1.8946274564349106,0.005194017106765527
95,0.058768659830093384,0.004384709107308268,0.7339020914047436,3.18598410261684e-06
96,0.3519900143146515,0.044961016925018485,5.892022827360765,0.008708222132558249
97,0.11518638581037521,0.007737838321206034,1.197256311286256,7.801995224509597e-06
98,0.058295294642448425,0.003218632887182509,0.49838459013844577,1.0019863330438968e-06
99,0.12594397366046906,0.008917149177263625,1.5291965261003013,0.00010641943632174059
100,0.1415097415447235,0.011029916611730937,1.6486259541719208,0.000998538738886148
101,0.11295916885137558,0.012009912783633067,1.413963871303912,3.7176171176861864e-06
102,0.030397869646549225,0.0035657715325463127,0.5190383154802929,1.2882057209124204e-05
103,0.192067489027977,0.017863591922142163,2.147347423880196,3.266487472283281e-05
104,0.056231655180454254,0.011351677279028295,1.2797630803247286,6.584024729706966e-05
105,0.7144154906272888,0.130843160171207,7.929468750909021,0.03317886411080427
106,0.0731673538684845,0.006774445770294626,0.9808453654391027,8.544357761127731e-06
107,0.06405078619718552,0.011097258391428052,1.0302105669093988,0.00011648681639256553
108,0.06229851394891739,0.009995411320108035,1.1748158048045432,0.0006718663565621823
109,0.6667976379394531,0.05691194483432661,5.698469740446449,0.0011790960958956626
110,0.0935007855296135,0.013711752352934203,1.6131119321397227,7.296222664970287e-05
111,0.4982451796531677,0.014323434228709526,3.6422084772992496,0.0004483654667437721
112,0.08640500903129578,0.004339366525722539,0.7628562141526001,6.179811040533066e-05
113,0.47253742814064026,0.05791094205402491,5.273586022270606,0.003278988749341339
114,0.08846606314182281,0.007351028172543944,0.8825550595264363,1.0934709721439977e-05
115,0.13514631986618042,0.029880399180383786,3.7070880797523276,0.00014351784980549286
116,0.09504056721925735,0.01700975389614544,1.9361406823664327,0.004485409429901265
117,0.19565615057945251,0.007720635278212504,1.2381561397755787,5.787457190014301e-05
118,0.32815027236938477,0.024280214872746973,3.618764775120454,0.0011571778217636375
119,0.12834396958351135,0.009558900192874947,1.3515922695151212,6.190454093202669e-05
120,0.22803381085395813,0.012087085681335256,1.911948794503129,1.3231135241918046e-05
121,0.23111306130886078,0.030549522705678924,4.042229483927265,0.016363004234938423
122,0.23882031440734863,0.010604292286930694,1.6421248858817326,5.78460845583208e-06
123,0.24108992516994476,,,
124,0.17311055958271027,0.01002655448177128,1.6784387940018917,0.00016264430821526858
125,0.1669749766588211,0.0152356845063271,2.271538384840477,0.00010643205445434759
126,0.10212946683168411,0.0063460910160639695,0.9060366529056157,6.458543331565329e-07
127,0.11357168108224869,0.0033142466500432205,0.4572242938645333,2.624299139085572e-05
128,0.11267741024494171,0.010820825400166666,1.897102565237704,0.0029630213605702687
129,0.15534868836402893,0.009891531058904265,1.548035233455831,0.0016286837044813735
130,0.1945771872997284,0.005798079968206984,0.950777296891636,5.8412173294385875e-06
131,0.4510524868965149,0.03433413139253271,2.8825917554872893,0.007114086152528273
132,0.23084570467472076,0.007879970916319999,1.6370084809457293,1.3185126333175874e-05
133,0.1416405737400055,0.0053104392365144575,0.8880229794743625,0.0001565076567030178
134,0.13172292709350586,0.007902465664956972,1.2331896726703528,5.413774532742026e-05
135,0.29971906542778015,0.014246580506768273,2.4260418342744887,0.00039846217182609023
136,0.08437281101942062,0.0026169094340114593,0.5513649098838227,5.051122335431516e-06
137,0.119170181453228,0.006337854571545855,0.9069389301479207,0.00012613015337117837
138,0.17628169059753418,0.009689868800123647,1.2862363406836317,4.386273875659754e-05
139,0.14031021296977997,0.009659834767138442,1.3781736423645963,1.7255183757824406e-06
140,0.07422108948230743,0.006168139004478762,0.7859885859810559,0.00012571597135245673
141,0.14949174225330353,0.010816438536082877,1.2906701806178236,8.281856983593195e-05
142,0.06349256634712219,0.0021063930734707523,0.49878280011088505,2.2393342889045784e-06
143,0.04571392759680748,0.0056550814605678765,0.7600398805331952,0.0004858395949244901
144,0.050100672990083694,0.006298099132774128,0.9187177866360842,4.2891483669654605e-06
145,0.18138082325458527,0.01012288297670721,1.7041743060079597,0.0018008856881416891
146,0.12962055206298828,0.015621150139851452,1.644320222947418,0.00011850072823728091
147,0.21857941150665283,0.012713060156106763,2.3330503682396313,0.0005888895149360591
148,0.15238119661808014,0.01412961320747648,1.9584075931872396,7.198576742826094e-05
149,0.25349298119544983,0.014332377628371517,2.05892449231602,0.001602271840285374
150,0.1592211127281189,0.009401774629228489,1.259639941730002,3.171663503877411e-05
151,0.20181559026241302,0.01814800193983402,1.675761873701114,0.0007942383479634856
152,0.06013556197285652,0.00826777411461574,1.0226568444114883,5.114920027443844e-06
153,0.1410822719335556,0.007307537776892774,1.007221711437628,2.8289255435857493e-06
154,0.23058369755744934,0.019938421672323705,2.2023092373748385,8.949811671144826e-05
155,0.12951712310314178,0.025164799283915105,3.1806818535509427,0.0003337116287240901
156,0.05057017132639885,0.011317126270059872,1.3038069590504766,0.00017893759694161728
157,0.23880501091480255,0.02297452764423023,3.4508716802240844,0.0012702001644957553
158,0.0895458236336708,0.00837574344860783,1.2950337570124881,0.0002737340231370398
159,0.12931512296199799,0.002868112241695392,0.46587478014227224,1.3903996413703247e-07
160,0.5957581996917725,0.041732628996142954,3.305767738307735,0.002780871723057015
161,0.37277305126190186,0.027455779252092215,3.171019801900401,0.004762096908715579
162,0.11213864386081696,0.00845079287353419,1.1113699692703214,4.484670854879783e-05
163,0.41380414366722107,0.0562527842699202,5.254807235344802,0.010119232859805255
164,0.2462245672941208,,,
165,0.2852745056152344,0.006324442396261899,1.968529684339583,6.889739433152891e-05
166,0.12082058191299438,0.006284089733877736,0.8665769222878752,0.00016656089058349544
167,0.1400802731513977,0.013474226496472817,2.055964537788116,9.442050535604307e-05
168,0.4472527801990509,0.023775088028009723,3.9494576210339742,0.0032802469137576257
169,0.20428228378295898,0.008856466240398823,1.7634993862596606,4.469465077139868e-05
170,0.15790331363677979,0.017156039437105225,2.123112032896894,0.0018918521596509108
171,0.27990254759788513,0.010554362758258648,2.360812843737005,0.00019238480428527158
172,0.14052174985408783,0.009169344217166486,1.3476276720381062,0.007523962628129808
173,0.28249630331993103,0.02382939627460012,2.61860276808774,0.0015676264815211779
174,0.14416716992855072,0.012694994986108528,1.448172061112446,6.1051300457766765e-06
175,0.2857871353626251,0.022585974316499436,2.209778333845221,0.0003080703360667123
176,0.15676410496234894,0.03137866273261211,4.1351416283150355,0.005236962811305652
177,0.07475568354129791,0.008657412420455531,1.154541048604781,0.0011032550330594703
178,0.5552700161933899,0.058912827644906504,5.783196363060653,0.0028394632097379514
179,0.24444130063056946,,,
180,0.18027785420417786,0.02028689726857895,2.537322759474583,0.013451303620682345
181,0.11542409658432007,0.008329118593345104,1.1742465320108277,0.00011543141562811679
182,0.1294095516204834,0.012740260523574137,2.2149357224827466,0.0006298178914755713
183,0.031215880066156387,0.004572443897556384,0.6192619471078965,5.14496166211844e-05
184,0.0921480804681778,0.004348271689107484,0.833751977807518,2.9813265191178984e-05
185,0.10822851955890656,0.004551161357656849,0.7903364169480736,5.23812720872295e-05
186,0.2327771782875061,0.01549610225976363,3.046748877337522,0.000455216491074298
187,0.16360200941562653,0.00681089798257017,1.0955243164308317,3.550205095897752e-05
188,0.14729534089565277,0.01644991879526468,2.3762687679651653,2.3726382587760256e-05
189,0.21315668523311615,0.020038797236541946,2.288076774038858,6.436909816750767e-05
190,0.1008325070142746,0.007917895123851933,1.3463329180643584,1.9400209338771314e-05
191,0.06898979842662811,0.004480020581865287,0.5547250261005738,1.9088515742797766e-06
192,0.19417792558670044,0.047122133818644385,4.312416694278883,0.0005601523105819356
193,0.2760555148124695,0.03443493909157449,4.761353526408186,0.06416282224478859
194,0.3475658893585205,0.06084430215296787,3.9200551594775344,0.0016454712534676617
195,0.1296508014202118,0.012522713955591649,1.3870313834537864,4.74707686850179e-05
196,0.17033953964710236,0.01291200710606593,1.3884681880761558,7.588050976539626e-05
197,0.17871026694774628,0.010188773126112842,1.494271157695418,0.00013628597916070004
198,0.28460538387298584,0.01707817871633233,2.5377383806242,0.001216255394217987
199,0.21305491030216217,0.014444054698957931,1.9649044430532214,0.0001063529384007412
200,0.3281339108943939,0.017280804148000043,1.9476348258405423,0.0008271600259590141
201,0.04027501866221428,0.006878425411818538,0.8989429942931956,5.53414112426258e-06
202,0.1272190660238266,0.008904059650955276,1.7983917232324242,0.0010963273972751605
203,0.1198800578713417,0.009460708952063822,1.3956024764106723,8.618031105174939e-05
204,0.4733414947986603,0.022447700127513046,3.407750577556309,0.0012707478744734427
205,0.209624245762825,0.016397483798243725,2.975092447950894,0.00018167257090660855
206,0.05439246445894241,0.0031464334586346317,0.5151943129277086,2.0159439532107826e-06
207,0.09027862548828125,0.005927847795661304,0.7611447255898156,1.400415118989172e-06
208,0.09534421563148499,0.006053385973677184,0.8487940592361888,1.3779597449704282e-05
209,0.3025219440460205,0.01643764442077935,2.0759525140680677,0.0004934549429456681
210,0.12008841335773468,0.005356392078802518,0.8773761273542028,1.6135152890577372e-05
211,0.43375784158706665,0.042963881842886756,4.002853170761447,0.01147756801317189
212,0.22281819581985474,0.01651274924506495,2.38009998201576,0.0002153421269963839
213,0.09836642444133759,0.011157222382947387,1.317003115208075,0.00024287798221326353
214,0.3425528407096863,0.02068860089537559,2.5299742107033514,0.002734569653494812
215,0.7449733018875122,0.07849284268235132,6.036713113276132,0.0073224601787707485
216,0.07530713826417923,0.010994949439905909,1.4528920189638046,0.0029905987807935883
217,0.04683484137058258,0.002086431803307043,0.39494619515544743,1.0675414650912608e-05
218,0.138824924826622,0.009113639211698579,1.4452389217378976,0.00015484261267730055
219,0.23036926984786987,0.023730550148611744,3.1732456277975167,0.0004994967469959093
220,0.1473100483417511,0.010178038922407987,1.5806614948965654,8.789422517121724e-07
221,0.30071404576301575,0.020376512371365275,3.4497325370710668,0.0026307212134100586
222,0.2057068645954132,0.007493104284346419,1.1888985146206872,0.00012419736666933228
223,0.08767198771238327,0.005148224360664737,0.931494549072408,4.627106546449987e-06
224,0.05212579667568207,0.00445532788650145,0.7724530118783369,4.205493540546725e-05
225,0.04301004856824875,0.004691884065806481,0.6102022961243307,4.56628219637058e-06
226,0.3764464259147644,0.014524204331328994,2.1199837476575434,0.0002798401347659298
227,0.19224099814891815,0.01401327844221365,2.0171654482198482,0.00019277945734367922
228,0.3857344090938568,0.041556597767399124,3.9328681659276725,0.004753235813961851
229,0.2546209692955017,0.03216279177304059,3.17144488059391,0.002063483039324395
230,0.2154497504234314,0.017215591347340693,2.720877094340554,0.0014088755679172375
231,0.09073437750339508,0.007794375742903846,1.4738589597536462,1.6775758401808003e-05
232,0.1551135927438736,0.006688875570006624,1.100289739698837,1.269028154607772e-06
233,0.09027634561061859,0.014697691789508902,1.379453368524183,0.0002472427140156538
234,0.09140140563249588,0.010025655908926633,1.3512540649591411,1.592569700968101e-05
235,0.36111587285995483,0.0157142980448265,2.3726716258622957,0.00016243106582730632
236,0.12825466692447662,0.013162852454097389,1.5848334552683607,1.848618918132517e-05
237,0.13624799251556396,0.011651230642720167,1.333297674829254,2.8984066622832433e-05
238,0.5818423628807068,0.04493683374740498,3.6009399864775857,0.009166647665695282
239,0.20189638435840607,0.013379152705600993,2.1647867250531845,0.0004363052264912904
240,0.13329154253005981,0.007841128631734329,1.0477634680678383,4.979295766118937e-06
241,0.1505933254957199,0.012612382947631381,1.9547681067693172,7.674020872908684e-05
242,0.18675503134727478,0.017467341457679766,2.1569835865134968,0.0005811658859486779
243,0.08204212784767151,0.006247233861819282,0.7452026958631206,3.053873450455713e-06
244,0.6612243056297302,0.041906621097281625,5.784867441106487,0.0008164014679734794
245,0.14049768447875977,0.013876742683370129,1.6673926804679111,0.0001805248962667437
246,0.10162296146154404,0.006636634215623958,0.9777462622519342,7.88018048201562e-06
247,0.07157742977142334,0.004238909664149905,0.8224533803781712,1.433746069172298e-06
248,0.12907128036022186,0.02284970730280709,2.3669751869696443,0.00024526973257079867
249,0.3813154995441437,0.03261474869735397,3.437711233993932,0.0007256183499483889
250,0.10762253403663635,0.017145204143837352,1.9259715495483576,0.0014558099186415636
251,0.16383904218673706,0.01169755809759134,1.3521568340722547,0.00011889729867054222
252,0.07694371789693832,0.00490591327531623,0.8772502608357066,1.8662458855401485e-05
253,0.1804184764623642,0.008048433679165835,1.3552966540052729,7.862334070972884e-06
254,0.03796134144067764,0.003765532406775457,0.4800869383290983,1.4012903909065347e-05
255,0.27370014786720276,0.01441875091387383,2.491013739641802,0.0001922240093899553
256,0.090272918343544,0.004494515270632944,0.7582498038634232,4.044226243191974e-05
257,0.20968572795391083,0.027125562606304814,3.805881081258366,0.0011494792326796407
258,0.19020257890224457,0.015183574529510259,1.8767370615747019,0.0007774156819109752
259,0.46414560079574585,0.022880480110659313,3.682484411959578,0.0010759652903726605
260,0.2850387394428253,0.019291979102600852,2.2142228948227003,0.00021366759867843824
261,0.09008608013391495,0.004501978067150024,0.781288263994248,5.30766699408365e-06
262,0.2840369641780853,0.053168930958791695,4.445195767432659,0.009046350941781384
263,0.3665734529495239,0.055881267736304883,4.540990756117019,0.01354482146397599
264,0.2827039062976837,0.013597422467843909,1.9394598717359275,9.903060104654998e-05
265,0.05933118984103203,0.009502970306460832,1.4409044714527603,9.245499500788705e-06
266,0.05990200862288475,0.0035002187348572994,0.5444279967542713,7.910159987600235e-06
267,0.18878549337387085,0.016733168603188284,2.0147701275102388,2.26456679572472e-05
268,0.04437703266739845,0.003442859818971782,0.706755709488889,0.0002179428766215523
269,0.08906395733356476,0.005037277932391543,0.7682895345581578,7.0983367843917924e-06
270,0.032045911997556686,0.00326893819735978,0.5590506751005567,8.295997847122223e-06
271,0.15043134987354279,0.018899607260925207,2.6731554467999863,0.007565773892520889
272,0.05573320761322975,0.002693343664418688,0.5776742259395455,2.701939846168445e-05
273,0.3550930619239807,0.08204801040503619,5.690114142672413,0.012927664919325777
274,0.2373925745487213,0.019391643947614032,2.9858799633413753,0.00022108857238823046
275,0.2008265107870102,0.02086541212646707,3.179027568254327,0.0007739594729249703
276,0.24118022620677948,,,
277,0.13324573636054993,0.01414322707761616,1.5519199223633264,8.018008480649568e-06
278,0.14665864408016205,0.009042769672068945,1.2253209905260531,4.95183653807515e-05
279,0.2865986227989197,0.03730478238097228,4.620297379495261,0.00910302864959058
280,0.0477014034986496,0.0045502798098552375,0.755808104739289,3.748087892036722e-05
281,0.06110700964927673,0.003839028760762287,0.6131217495914065,1.3578876758557622e-05
282,0.08651883900165558,0.009326275169144194,1.4171680175511445,0.0007714729842696062
283,0.41448506712913513,0.05324167498626403,3.0620429657242396,0.0033568010826963103
284,0.4456230103969574,0.034019783949322646,4.2453940052261805,0.0027583720504466545
285,0.22560261189937592,0.02121346764025806,2.1867537227969445,1.2692541538357815e-05
286,0.25194159150123596,0.01519603739741804,2.118532030338268,1.663291553621489e-05
287,0.14624087512493134,0.010907449816582707,1.5532918427880105,0.00017919990928795974
288,0.09188897907733917,0.008083403248526489,0.9610454759244168,5.772139019643723e-05
289,0.14212675392627716,0.011821379714471439,1.4499730660938603,7.812363343007365e-05
290,0.546301007270813,0.10106495158000649,5.709695283307699,0.006114508604505826
291,0.12090829014778137,0.00654805645992642,0.8759596584407585,8.3782477984855e-05
292,0.08286906778812408,0.006683340102598405,0.8617964199135449,6.367013206845783e-05
293,0.21277107298374176,0.022408567379695547,2.6553306598735587,7.93918864637556e-05
294,0.17728011310100555,0.01185439344703868,2.1106217925457593,1.2088878710367554e-05
295,0.02781466767191887,0.004313208643699381,0.7560045454377806,0.00010378387480818171
296,0.10735248774290085,0.004120788248037744,0.47984897383902797,6.45883848149725e-07
297,0.30431556701660156,0.021130413765422382,2.3867047770053214,0.0008755335738966725
298,0.14157377183437347,0.0025788972052364387,0.4528335677802238,9.032909493491814e-06
299,0.08875447511672974,0.007851437504301605,1.4773523291652968,0.0013038790597413648
300,0.31547436118125916,0.03642165587464939,2.3783539774070133,0.004200672675443784
301,0.06731003522872925,0.0036794929974637235,0.5689819893096201,6.106420762548897e-06
302,0.12194240838289261,0.007270580913317138,1.1763044279899253,0.00044204475921273245
303,0.08770565688610077,0.004853180982016577,0.6963518710828577,3.177414050634023e-05
304,0.12920604646205902,0.008027457504577286,1.131167207181115,0.0007675497759757317
305,0.09584058076143265,0.0029202302112704467,0.6030873886430931,3.4330771065833516e-05
306,0.23301167786121368,0.04108285216441711,4.50277856461252,0.00497810254476195
307,0.19775041937828064,0.021371577396343527,3.101327111342833,0.014726041664161055
308,0.13436293601989746,0.004831630954347562,0.8354140350861661,0.0004994640482271954
309,0.10721966624259949,0.009649425322719458,1.1954241521492726,6.724358637963289e-05
310,0.2734825313091278,0.02843763524911685,4.211738883683244,0.00271427143772062
311,0.17672479152679443,0.010908545494064378,1.3589155561652437,3.4610964060889654e-05
312,0.11918962746858597,0.015851988934396332,2.098879418137051,7.892761490998195e-05
313,0.09879955649375916,0.00604948119709369,1.0785053903924948,5.28601490031311e-05
314,0.38192418217658997,0.04521991208070104,4.624370270636244,0.004896045489620117
315,0.5665376782417297,0.0528112759281656,2.6882372918365363,0.0029983984605729294
316,0.10067421942949295,0.0043842413425545824,0.5885057391703049,4.2759798837621715e-06
317,0.15702566504478455,0.008185358640358551,0.8438383321710154,5.5163375650300613e-05
318,0.07337787747383118,0.002166963016288806,0.40072495284747733,3.977020778851717e-07
319,0.27514660358428955,0.013610961720367337,1.9407625874714842,0.0008364132523245168
320,0.21777774393558502,0.012890254094373445,1.7297091958113433,1.0661878929387311e-05
321,0.16108454763889313,0.017352195986626285,2.8379039313111654,3.379382654331268e-05
322,0.07974317669868469,0.006972188918345993,1.056577752628557,0.00019441127063918228
323,0.2847236096858978,0.02272156943002922,2.5573984392958775,0.001236714406618541
324,0.06949363648891449,0.008215383391291574,1.0076689846362628,9.19854230304125e-05
325,0.08401380479335785,0.0032173890069470508,0.698104529229017,5.996852298182234e-05
326,0.8885310292243958,0.2128548040695899,8.549260671672355,0.03395104205958367
327,0.2170451283454895,0.016637555853751183,2.2275348810428723,0.0002387370870647258
328,0.962738037109375,0.05143040836473532,6.333627667515533,0.0048630869460705795
329,0.0885644182562828,0.00468380589985806,0.7335144434611592,0.00013653059618694727
330,0.139675110578537,0.0045933671226033755,0.7385237335744355,5.447803005884757e-05
331,0.4311535060405731,0.02926148811821445,3.1304484638384746,0.0005536837053052925
332,0.164432555437088,0.00966627013946947,1.3809499518982895,7.433914381298231e-06
333,0.1562720388174057,0.010238169194715726,1.468666440662188,9.591247484872241e-05
334,0.18781034648418427,0.012147191422487892,1.9473283664541472,2.4974010683224326e-05
335,0.08483351022005081,0.0038367746831945325,0.5167738326108338,4.2913347510607435e-06
336,0.27444130182266235,0.010631204233387814,2.0599759059254215,0.00021084162435950336
337,0.4327132999897003,0.009185147304308416,2.001886359628488,0.00037236689585684704
338,0.1621187925338745,0.012203548919399279,1.7410265423735853,1.3990968220024622e-05
339,0.30339887738227844,0.00799652793328006,1.8094431024427111,0.00023759673348759197
340,0.06320489943027496,0.004765332725724016,0.6787145592256614,4.396884278910523e-06
341,0.09010213613510132,0.005030050089757533,0.9761987591049747,0.0001138171689751411
342,0.09979569911956787,0.004055147650821579,0.5852245126259634,8.046581026341334e-06
343,0.16082143783569336,0.0071123475047246325,1.1005260389594675,4.659189786738721e-05
344,0.20065879821777344,0.030954515199764214,3.688304060490626,0.0003192883085172904
345,0.06384342908859253,0.003344055111963027,0.6286305493596284,4.88859402049501e-07
346,0.3012385964393616,0.014866180661680956,2.068723329541103,0.0003125669118519433
347,0.061058830469846725,0.006755972309129448,1.1341233290565542,0.00029107267123607797
348,0.15367437899112701,0.009205006091544411,1.6076475122274283,0.005246364989367313
349,0.19261029362678528,0.010630546910834683,1.398268580848386,9.184299823334126e-07
350,0.11168826371431351,0.005581955036501082,0.8511664967864334,4.651729153128916e-06
351,0.10761816054582596,0.006525556586991223,1.055274765736515,8.689235657262964e-05
352,0.5229320526123047,0.04511957594226303,4.942507638877154,0.014682613215528384
353,0.09416291117668152,0.010931171934782708,2.0012635159977625,0.0005401377010330673
354,0.06387770175933838,0.010374548364355776,1.9711211180208597,0.0006622612771777061
355,0.22444967925548553,0.015883073839093383,2.414508450135084,6.092286790474973e-05
356,0.061263348907232285,0.01131920442187065,1.50207521808152,0.00028000801558851273
357,0.36379414796829224,0.03092882242393641,3.514039151452048,0.0042064654761625195
358,0.06201767176389694,0.010036263325284987,1.0669682863566514,0.003513462220300864
359,0.2392561435699463,0.012557577938860892,1.8060578728627228,1.3231254596629319e-05
360,0.11779707670211792,0.007798085025261103,1.2198623476371762,1.481413599575729e-05
361,0.24410535395145416,,,
362,0.3742537796497345,0.0328692025537083,3.300328551345094,0.0014875332065270746
363,0.044512584805488586,0.010664150647239416,1.004259894007799,9.987008440510995e-05
364,0.09273584932088852,0.011422693180202533,1.9506952828193942,0.00011297819944992186
365,0.17484191060066223,0.010609241720312261,1.4690963640353587,5.684508272763268e-06
366,0.3443247675895691,0.05632978109513825,4.731416274935558,0.014285960111806611
367,0.13944797217845917,0.015105864199135177,2.0961700325351718,0.001220079465244315
368,0.5216025710105896,0.02145376704371212,3.683445119216531,0.001009778123927745
369,0.12615422904491425,0.010511065563330606,1.7922604828260553,0.00021071436964547604
370,0.09137813746929169,0.004390208563723668,0.8415922499150591,2.8471654666481306e-05
371,0.3675382733345032,0.04067574187776993,4.44124708053927,0.007823322215053831
372,0.1689724177122116,0.023115046752433616,2.526540399000964,0.0010308008942120765
373,0.14840368926525116,0.005711072922366173,0.741574513497837,4.113152913480552e-05
374,0.1463039368391037,0.012853356158925121,1.6144803252096305,4.7271291704350325e-06
375,0.21255181729793549,0.027113866294792396,3.081282871594996,0.0015994678537446319
376,0.13080669939517975,0.016813327751751112,2.2058916688355295,2.4485502627622937e-05
377,0.06686285138130188,0.004440117840771784,0.7155125157868722,1.0014473762165863e-05
378,0.18110549449920654,0.008834047766883612,1.2675155710995079,0.000187554766137352
379,0.14438621699810028,0.01023175004655095,1.4733936023111511,1.4077726260749672e-05
380,0.146698459982872,0.012058391051324288,1.411490744266648,0.003266525379158292
381,0.08707140386104584,0.004173592491267654,0.5593656762061463,1.725141908026372e-05
382,0.1507100909948349,0.00936051902943016,1.7164516248173374,1.0235098758120586e-05
383,0.07023603469133377,0.0071883982534467926,0.868314716530433,0.00014164169195578975
384,0.10611003637313843,0.011483002640733061,1.4326046442243807,0.009312121953359153
385,0.1342950165271759,0.004184271470991092,0.582685583845873,2.3183986280782937e-05
386,0.30598658323287964,0.018993364283230715,2.769655704939903,0.000249588003378675
387,0.17122621834278107,0.010492863629689566,1.1537054436681442,4.697185602812451e-06
388,0.20998063683509827,0.017012929072901282,1.9832048010244323,0.00017772043388702716
389,0.3377690017223358,0.026366656582223248,1.903848904378426,9.478345232576039e-05
390,0.17719987034797668,0.009694890228928395,1.3949199210393621,2.1327442277883317e-05
391,0.19898822903633118,0.0138138640540823,1.694943344067415,0.00016804224415964858
392,0.1370510309934616,0.008035123175555272,1.1236867653967328,1.00604040295588e-06
393,0.08574113249778748,0.010427030069623724,1.3958292641610701,0.0004649556894204077
394,0.07167616486549377,0.0055994645937186924,0.6309920278486749,2.5715683535717292e-05
395,0.08386265486478806,0.005451761081610903,0.8095694670951784,2.5717989795484735e-05
396,0.3502926826477051,0.036462098058902166,3.234227457591007,0.00327800806009186
397,0.39334043860435486,0.047451427195216785,3.479559203928168,0.007359169034966605
398,0.07257571071386337,0.010640441142641897,1.229575869405726,5.228228774133942e-06
399,0.2206246703863144,0.024988470729746467,3.8944116157963835,0.00026727351813590874
400,0.22203747928142548,0.01714054293152792,1.73020491951861,4.242037928902584e-05
401,0.2344631403684616,0.022807897353825848,3.0581491761262294,0.0015252889120345886
402,0.3048197031021118,0.013620737127586175,2.0015818506113887,5.298533490787727e-05
403,1.0400488376617432,0.12896784580967335,5.088996626513545,0.017290935394968655
404,0.3504585027694702,0.047268916722419355,3.124339562845919,0.003503001450268377
405,0.051860880106687546,0.004350766005937344,0.4905419377328712,2.31400443324677e-06
406,0.11862636357545853,0.0047729159727328265,0.7646588838654508,8.487043510214497e-06
407,0.18884478509426117,0.027970017101499548,3.1808062379950566,0.0003750710084876699
408,0.07237906754016876,0.004597958391293619,0.657633074475318,1.1552250336330313e-05
409,0.25358837842941284,0.025887622684692965,3.141458785835167,0.0009566026209662284
410,0.2874628007411957,0.027844484959798344,3.7238827165480957,0.0005143296030333017
411,0.09793592989444733,0.0025176090096156595,0.5317153714834665,6.311035242720917e-07
412,0.16782288253307343,0.005690522668292958,1.0234168252674019,3.6729005409465973e-07
413,0.2998344600200653,0.00869754873283429,2.0272856428536405,0.00023353686429709725
414,0.06618794053792953,0.005249289667596387,0.7625827441844027,3.156385459384523e-06
415,0.16751684248447418,0.008938132429688649,0.9686273132188834,7.688028721163753e-05
416,0.21964217722415924,0.009911125936539734,1.9082079927629563,1.8363064547046378e-05
417,1.3080928325653076,0.29863658316306396,10.81070476489205,0.02597776373857576
418,0.11810476332902908,0.005910859169435757,0.9134389194046215,8.270786691904413e-05
419,0.11946972459554672,0.007583605853530745,1.2967062568769407,9.241589340485326e-05
420,0.25686198472976685,0.015904166291098067,1.9130775581764619,0.0005982081214839713
421,0.12787184119224548,0.012227538154437164,1.7142305168968976,0.007880173919560918
422,0.15829630196094513,0.01064979879329792,1.283764492343272,5.3897700398005465e-05
423,0.18151524662971497,0.02150644919808449,3.06485681840271,0.0002027145799384892
424,0.1456524133682251,0.008676870123543234,1.179366009579118,8.459328747958216e-06
425,0.27591753005981445,0.016859475295644306,3.0755170290167664,0.00023415287614536508
426,0.20194141566753387,0.04182105197337833,5.734371855219533,0.01885968484907
427,0.1530938595533371,0.007182028271376206,1.002655853145614,1.9665150195483247e-05
428,0.0729566439986229,0.007476174380941763,1.097753684011195,0.00013719813118108222
429,0.1604931801557541,0.007364445540401295,1.3968898008696664,6.144969854484833e-06
430,0.20395591855049133,0.010856765516505384,2.3616879850581123,2.404575020218462e-05
431,0.23352095484733582,0.01385786274436429,1.911600584234286,1.8484789647105395e-05
432,0.03785746917128563,0.00866552510444763,1.1861387925014573,7.220131937220663e-05
433,0.10083592683076859,0.005580726736019412,0.9309696999228383,4.883923186534793e-05
434,0.11659663170576096,0.009856946527316685,1.3060969965704068,1.0300689538875745e-06
435,0.21087175607681274,0.04025545820262182,6.316671167214982,0.009364127995023754
436,0.0730692520737648,0.004387585559049329,0.6833021852564781,1.0312870320781101e-05
437,0.23551370203495026,0.016098779332487757,2.6873424239426473,0.0002916053681970143
438,0.1460132598876953,0.022465198828498654,2.515578024668001,8.103114682765913e-05
439,0.4197802245616913,0.041621992531556705,3.3915478877426546,0.0029319164488125914
440,0.28261205554008484,0.03557791974625557,4.017420946004125,0.0024315277030349937
441,0.20115381479263306,0.009886935836512433,1.9143680324742356,1.606391555438034e-05
442,0.08649169653654099,0.002619506556796848,0.49723216326677594,1.1848989962103033e-06
443,0.05739205330610275,0.002164980173705216,0.3138283425804829,8.971940991703212e-07
444,0.09658979624509811,0.0062182804813023015,0.8256330827193707,2.5482678963273226e-05
445,0.34624016284942627,0.036802070937001566,3.6574866263150794,0.0037334384710442695
446,0.0824502557516098,0.004551270409456418,0.6456569923018176,2.4634460258128884e-07
447,0.315740704536438,0.02987042958268462,3.5038168478739293,0.001035776720138837
448,0.47558778524398804,0.12619409631216336,7.446683460073679,0.011179819035026923
449,0.6096439957618713,0.0405647024280791,5.917398552393238,0.001365215906466169
450,0.07920140027999878,0.005024587926439475,0.9389360338762067,1.0688321539674596e-05
451,0.12914706766605377,0.006101937085338588,0.8426914377990663,8.298434824396537e-05
452,0.24742008745670319,,,
453,0.2173420935869217,0.010737743461110248,2.5966192911209744,0.00013836551814173432
454,0.417507529258728,0.023819230453610882,3.3763260617072053,0.0005283173873437061
455,0.039440639317035675,0.005293190791294614,0.5740556171464174,5.588505707357484e-05
456,0.3176073133945465,0.015651998024272785,1.9186204347751739,0.0002492965345452271
457,0.12402942776679993,0.007601236867916396,1.2273359886608524,1.5748202362806686e-05
458,0.49677520990371704,0.053594493067033296,4.134782085763393,0.0021340851505734053
459,0.07345815747976303,0.0021958227787569474,0.48442280741950766,2.9819708890817383e-07
460,0.1556389331817627,0.015609875626209885,2.129779967755063,0.0006199404644712446
461,0.2012626975774765,0.0193810257387392,2.3488214745794607,0.0005686875491689295
462,0.08150949329137802,0.006127175567459763,0.9122982559675603,4.270661647211914e-05
463,0.028012359514832497,0.007924988732524077,0.6635814482191402,4.2202656924234615e-05
464,0.279126912355423,0.019021290840844373,2.2516440041844366,0.00038998206108289914
465,0.12368322163820267,0.007927371402123677,1.0645229909295546,2.2721905958939305e-06
466,0.14204159379005432,0.005797466441564209,0.8592991198291868,1.4790401085993012e-05
467,0.13236914575099945,0.01686909730792243,2.1507215986128854,1.1493435200019471e-05
468,0.16325148940086365,0.015884370213334637,2.60989726902955,0.00011147067054627992
469,0.08480381220579147,0.004828865400760486,0.8357909716456544,1.0403869966164386e-05
470,0.03303423896431923,0.0026129387843166017,0.3850818816944622,5.755810165080153e-07
471,0.09207655489444733,0.005525284313199481,1.0191639229144267,2.6894625740339136e-05
472,0.052221622318029404,0.004626650122291635,0.7689854602708917,7.863637085769241e-05
473,0.2899533808231354,0.029432405168249395,4.192870333538055,0.0016720725186423753
474,0.10672535747289658,0.010069216364604948,1.4798145314450242,1.9731383457552825e-05
475,0.23043793439865112,0.015873119532647507,2.947685753817634,0.0005742862182983867
476,0.09989741444587708,0.0058026772791727665,0.8164378992832164,0.00011898237869295511
477,0.10361179709434509,0.008048095928609276,1.1281266099636458,0.00026924661091226853
478,0.07533088326454163,0.003560553398170957,0.6215077028180419,0.00021931051019311964
479,0.06581462174654007,0.0060194820699479975,0.8853935852701481,1.847843508127132e-05
480,0.07103554904460907,0.0062842479714790575,0.9416829604879632,2.8380210250676056e-06
481,0.18525700271129608,0.023240210164621147,2.8462101005891185,0.00031445135055747583
482,0.17867930233478546,0.010808951130586754,1.5609845976275107,4.173423566618686e-06
483,0.14650462567806244,0.013999856559719309,1.8343485590044406,0.000810407125990248
484,0.2263510674238205,0.047841051501789925,4.92072521548228,0.007047575363902882
485,0.2880731523036957,0.029329868276826786,3.444070544968147,0.007691416311373588
486,0.13071435689926147,0.010238690217255118,1.4949732528966964,0.00028426792477824394
487,0.29806798696517944,0.0258462138539108,3.5732168746805675,0.0027491110083789354
488,0.5072111487388611,0.05335738404158344,5.505301291883373,0.014485149073798482
489,0.49028280377388,0.02956946508430551,3.327829498159802,0.0025805484083976904
490,0.2793460488319397,0.02508419204247538,3.2538140215290006,0.000348485628199571
491,0.2640734016895294,0.011171542238477676,1.5853885671120351,0.0011795679762477407
492,0.0533464215695858,0.005087774123032663,0.8917397228317848,0.0001294181549309111
493,0.3195001780986786,0.026809478295888253,3.1265620207317455,0.007647029029471948
494,0.10530310124158859,0.013903753572214766,1.804945022161309,0.001228365551248288
495,0.022841384634375572,0.013970059234271755,1.5150151652474388,0.003358089172707736
496,0.18096500635147095,0.01136717296113435,1.65722553893927,0.0002983020669203423
497,0.16696703433990479,0.01259518496475884,2.1364944548173392,2.2265257005651127e-05
498,0.4033466577529907,0.014263522022484775,3.3991897917668057,0.0011653359355621987
499,0.47327712178230286,0.02511479709350405,1.8765767630797712,0.0014291333605003806
