,IM,MaxDrift,MaxAbsAccel,ResDrift
0,0.313304603099823,0.024237301628201702,1.9332140136702707,0.0027157094387499437
1,0.39408430457115173,0.048389284074164034,2.547356916401712,0.00741675845306066
2,0.04485984519124031,,,
3,0.16150659322738647,0.013190115534813189,1.469087135259324,0.000430202733720103
4,0.18489296734333038,0.008567804062586391,1.7094072862205894,0.0006690726330955847
5,0.18870662152767181,0.010644870638927044,1.9742998899797397,0.0002047518340944638
6,0.3098676800727844,0.02481596598685764,2.554395220300093,0.0007116374499441482
7,0.18269066512584686,0.015848759936749918,2.5771783088865994,0.0006612309004532937
8,0.163713276386261,0.02144790556077671,3.048626598871738,0.008271297621611813
9,0.13309846818447113,0.00980683393122663,1.3179431387515548,0.00023742039678609472
10,0.3906291723251343,0.04204183678091874,3.520307781234163,0.007372964387383264
11,0.6040001511573792,0.07553196530881653,4.222331251119137,0.008550547058939482
12,0.4753749370574951,0.03205615241228077,2.0893649950647157,0.00402587796642292
13,0.09056098759174347,0.005462135063106135,0.8644319081306377,3.802897130717275e-05
14,0.25543802976608276,0.01519164208130478,1.506346848545786,8.951657166170604e-05
15,0.2756418287754059,0.017022375996422912,2.343403152824727,8.856925849276945e-05
16,0.14776048064231873,0.015016775058720611,2.057763418396366,0.001259054465927817
17,0.1024540588259697,0.019894323397328825,2.0547685944289995,8.274869741056943e-05
18,0.6914103627204895,0.08483353247667282,4.284307546815978,0.010254606336957607
19,0.1687658429145813,0.013384678715834646,1.1782428369746116,0.00022537325817298742
20,0.19793245196342468,0.008129074171609015,1.3093252946573688,7.65631473403042e-06
21,0.4795176684856415,0.028306324563380114,3.9452006309821113,0.0034677863704867273
22,0.05870392173528671,,,
23,0.10541532188653946,0.008522522919822416,1.126161828622102,0.0002455447926547056
24,0.13369208574295044,0.01661554846746567,1.9121039740871797,0.00016454403027786846
25,0.24258999526500702,0.01954108589885811,1.689155465841754,0.00013225294332333806
26,0.2047981321811676,0.009606519888220444,1.7962686868695952,0.00011237164532619119
27,0.2795472741127014,0.01808697036387498,3.1243206091876976,0.0014791571247131
28,0.20997731387615204,,,
29,0.16633325815200806,0.004427226465087648,0.8447690105369063,2.4331171227319814e-06
30,0.11355575919151306,0.00687650537284689,0.7609825083837852,3.382159657655582e-05
31,0.09234548360109329,0.00510794691062418,0.7956271331577165,0.00036870337979381647
32,0.2458370476961136,0.026827232251420433,3.2543968416523152,0.0024272179005267723
33,0.12539032101631165,0.008884168475385715,1.5797848696626493,0.0009214604448113581
34,0.11878617852926254,0.004790160883705804,0.8398498743681367,3.251918931182213e-05
35,0.1975010335445404,0.010440401421740745,1.7084136995932298,4.1418700529200575e-05
36,0.2582884430885315,0.014105523729155448,1.4728951010471965,0.0006139202672462405
37,0.3865848481655121,0.010789462462563739,1.9498510180055733,0.0005023072172074819
38,0.0864933505654335,0.00440563816391645,0.7406053812737732,8.585926745994786e-05
39,0.3672730326652527,0.036252752963026075,4.07972832213978,0.0014159417503942658
40,0.04258497431874275,,,
41,0.3352050483226776,0.021476606223921044,1.6674307737810405,0.0010454840219758965
42,0.04579557105898857,,,
43,0.03997426480054855,,,
44,0.11858885735273361,0.007259253976874003,1.0384323335472374,0.0008809421495020926
45,0.182148277759552,0.012003004787756235,1.4284758632938452,8.580398105860666e-06
46,0.1933811902999878,0.013978478687583595,2.687148134388715,0.000915616420077449
47,0.23092734813690186,0.035622383115959465,2.8869208660485284,0.00581165107475617
48,0.32480981945991516,0.03206785223555163,2.282958432801928,0.0002610214639151601
49,0.19047120213508606,0.005504152963092226,1.0925644022419738,2.067915721343473e-05
50,0.06073490157723427,,,
51,0.14983020722866058,0.03934855394946879,4.2834334318000105,0.006773510345930115
52,0.25876903533935547,0.019478102234461836,2.6898023161421842,0.0021858498067228206
53,0.1903701275587082,0.010450667891735203,1.9498839313069243,0.00028791924452117564
54,0.1332464963197708,0.016398071968339662,1.9304280159241647,6.732534168899772e-05
55,0.20207242667675018,0.012369584923214093,2.1351415599319665,0.0002890775764002515
56,0.10825598239898682,0.012829414279112486,1.4676793707001943,0.0007016368731337958
57,0.26320168375968933,0.012160217697302392,1.7326274875435448,7.361839428557726e-05
58,0.07458358258008957,,,
59,0.1239350438117981,0.010901725907529579,1.4937871192110712,5.4816571947021657e-05
60,0.22626018524169922,0.016847582020581366,2.5739853133454798,0.0032928346935443527
61,0.1361674815416336,0.014022734747400943,1.5886642796766157,0.00012733406944580287
62,0.07460944354534149,,,
63,0.17912521958351135,0.014065224486115094,1.9604941356058316,0.0003695097117537059
64,0.10997684299945831,0.007216721225960767,1.1814022135657054,0.0032667341650030857
65,0.12917333841323853,0.01176478602068461,1.3794401776225207,0.002089689277941671
66,0.06109395623207092,,,
67,0.34000274538993835,0.02025881570807898,2.607303744500603,0.0013162538994109247
68,0.24465465545654297,0.03434883430402456,2.9913313874943146,0.001401039695058866
69,0.07762772589921951,0.011687046889068412,1.50893121716371,3.1046395381278e-05
70,0.09415455907583237,0.006611566479582333,0.9858436186770317,0.00017363720964242614
71,0.09717317670583725,0.003962038316721199,0.5729391816546048,6.325840085715809e-05
72,0.1279093623161316,0.008793132464670231,1.1334848861742883,0.002443214779076371
73,0.20164313912391663,0.01291463340608773,1.7902507484940657,9.445329850236472e-05
74,0.08406855165958405,0.010612319449765992,1.4665934038667106,0.00016225528651611315
75,0.3578786253929138,0.016766966388229713,1.8606733580233483,0.0014913660486252389
76,0.13403430581092834,0.011958334726504895,1.4177400799376556,0.00019628095023810666
77,0.21215635538101196,,,
78,0.18709121644496918,0.01306691211579525,2.064166665705282,0.0004160927619514729
79,0.06616026163101196,,,
80,0.061635032296180725,,,
81,0.13176845014095306,0.024347987465774233,2.1770547476219493,0.007197619248976268
82,0.07034604251384735,,,
83,0.24983879923820496,0.04252288252153959,3.3709574140529703,0.013443011939630373
84,0.19640755653381348,0.012491549718289675,2.1300267025542854,0.0001794605302102055
85,0.24609783291816711,0.0232563690203586,3.4935875206334264,0.0005529666937049107
86,0.1104574054479599,0.007571614395566076,0.8866087025627496,0.00013666800804769646
87,0.06021721661090851,,,
88,0.06753022223711014,,,
89,0.11804158240556717,0.011082606707778152,1.676399502904269,1.8437768527053855e-05
90,0.07471151649951935,,,
91,0.12765635550022125,0.008401913619056966,1.477461927057929,0.00013565585723043533
92,0.13140811026096344,0.007026744537405284,1.2157017468843587,0.0006582376125139816
93,0.08020365983247757,0.007135571917116295,1.093292762119283,0.0012742995386871977
94,0.07760843634605408,0.004658659184005421,0.7223017753624397,0.00010924846117870695
95,0.07815197110176086,0.011653763319501766,1.6602093420889186,0.0015539363942097659
96,0.3664364218711853,0.05941078913089082,2.689099820221119,0.00313216814931421
97,0.0938093364238739,0.008800191570202847,1.2959931506795856,0.00042654989237638624
98,0.050685636699199677,,,
99,0.07248030602931976,,,
100,0.18612544238567352,0.014615184480435984,1.9489981613308456,0.0021695366398354165
101,0.08596982061862946,0.006325712307580872,0.9713670944464723,0.0009121531871726304
102,0.04587449133396149,,,
103,0.1435999870300293,0.0067856210851044325,1.0018190121211277,9.077013640943984e-05
104,0.06764360517263412,,,
105,0.7746514678001404,0.05084664652490742,2.6745534051506543,0.01278954178607456
106,0.10629700124263763,0.01289237513128364,1.4179264905022078,2.8945792864500957e-05
107,0.06009406968951225,,,
108,0.06277646869421005,,,
109,0.8855018019676208,0.03891195411446606,3.7799052147410834,0.0021814484707579256
110,0.14574852585792542,0.010627475969547754,1.7710427215595452,0.00029324683867555136
111,0.3160671591758728,0.023073170632989453,2.877596545995304,0.0012063309138886998
112,0.16489656269550323,0.007146069852072251,1.098642927929459,1.8562959875911485e-05
113,0.49998876452445984,0.0643459070289146,3.1208173760996982,0.021153108651211845
114,0.152808278799057,0.008597139497338691,1.3848136099734705,2.1667580163719896e-05
115,0.13921411335468292,0.009623852117040215,1.3297257899168875,6.128774977615563e-06
116,0.08140364289283752,0.007900387479353307,1.17510565471379,7.11493779028449e-05
117,0.16897358000278473,0.0154743278462176,1.2479770187869668,0.0010159836550032884
118,0.40005001425743103,0.06379344525646974,2.2153510847540696,0.008354162639312487
119,0.10357927531003952,0.008102595214267962,0.9395401109515124,4.8176161326316104e-05
120,0.1263858526945114,0.006366505119878922,0.8435163963241654,5.368479729094738e-06
121,0.23211821913719177,0.02449933089385996,2.9083177763990786,0.0022819630717914163
122,0.17722225189208984,0.017573298659779267,1.6236365466976586,0.00016349149624414572
123,0.18977265059947968,0.013381728657856364,1.303905882357802,2.225036233103263e-05
124,0.07371455430984497,,,
125,0.11880647391080856,0.011005103376607558,1.1814120833425885,0.0001218369631923633
126,0.13865381479263306,0.012494653254320027,1.5000775371170565,3.005873599835365e-05
127,0.14911027252674103,0.0075566643961062965,1.193902792819456,0.0001213085574460205
128,0.12843500077724457,0.005878421892301986,0.7630735043000689,9.022047397738541e-07
129,0.10532651096582413,0.008301345515254719,1.0935517524407488,1.559251440565848e-05
130,0.1644364446401596,0.011334551449901226,1.5256426056582006,0.00019963588553233093
131,0.5412334203720093,0.06704860944704251,9.09361016970322,0.004987198430201081
132,0.2829269468784332,0.02102638646476284,2.5173975949088394,0.0003740526869580017
133,0.17796441912651062,0.017342165804682143,2.240432783326623,0.0003016785920985536
134,0.09607011079788208,0.005943658142968843,0.855402102965905,1.2930886832897648e-05
135,0.30042514204978943,0.04016283693232689,3.0410287822906312,0.010302498316029423
136,0.06739158928394318,,,
137,0.0922665074467659,0.004509694564677702,0.6237164784891736,1.7522231078971618e-06
138,0.14179383218288422,0.006169373552655446,0.9820682998745739,0.00010371090410330646
139,0.10060830414295197,0.0056233727417971105,0.8436615733245625,1.825411139861512e-05
140,0.07136748731136322,,,
141,0.11266675591468811,0.013882885426571925,1.528084196222661,0.0003010191027823892
142,0.0618259459733963,,,
143,0.06575571000576019,,,
144,0.07486497610807419,,,
145,0.2667236626148224,0.014864320828965015,2.9482333030388617,0.0009686443201820259
146,0.07647500932216644,,,
147,0.27354055643081665,0.026580019374602987,1.7862007368975432,0.0004497388101149163
148,0.2589661478996277,0.010285991027653636,2.550971050670993,0.00022832311792704918
149,0.15647555887699127,0.006610092807972514,0.8973897488882923,3.93736643283242e-05
150,0.16676723957061768,0.010131883754808725,1.750340097778938,0.00013247687647629247
151,0.18348684906959534,0.015243681340004348,2.1966987228305723,0.0024131356011501326
152,0.0716017484664917,,,
153,0.12701494991779327,0.00950258796958279,1.1391688978488377,0.000759235263686631
154,0.24021178483963013,0.01052622484921916,1.5802106541823384,1.0640162656310397e-05
155,0.06807371973991394,,,
156,0.06725193560123444,,,
157,0.15544936060905457,0.014759858982664418,2.489529726476012,0.007745986355380503
158,0.31591200828552246,0.019812676913144,2.402546055216257,0.0010116185541165401
159,0.1363174468278885,0.008723732667900162,1.4966928371716741,0.0002679898060426545
160,0.27217915654182434,0.009353333988523883,1.4223091676569277,0.0027273370248801
161,0.29858601093292236,0.05897988666210046,4.348753808180957,0.007686223667340937
162,0.055632490664720535,,,
163,0.4372257590293884,0.021571696319054322,1.922495328328153,0.0031608824477653156
164,0.23189759254455566,0.023688179199055553,2.6320243828229146,0.0015980909757484663
165,0.2944925129413605,0.03161907721641412,2.48309258975426,0.001725792759239236
166,0.09585358202457428,0.01049803383982767,1.5089233455875826,0.0005221866970110268
167,0.18319617211818695,0.016184563861940025,1.9146125494430906,0.0003643412231189235
168,0.21781973540782928,0.021174716519803224,1.9433100532600756,0.0001780127261478853
169,0.2750585973262787,0.027574451514034534,2.1303980936103,0.0036794289442948947
170,0.13284176588058472,0.007699075292956224,1.2688290878522601,0.00016759728772973868
171,0.11069533973932266,0.007452105648547144,1.215684614929111,7.590892549549012e-05
172,0.20588496327400208,,,
173,0.16857466101646423,0.013463905305308084,1.4746649584316731,0.00022159227654144545
174,0.15350790321826935,0.021799675166939394,1.8585039179550074,0.0003600786767709804
175,0.2807086110115051,0.03933012119166595,3.877246565044954,0.0001324684549636477
176,0.2475288361310959,0.015399845245411773,1.925493909452034,0.00017459488935066028
177,0.04771963134407997,,,
178,0.19564881920814514,0.015260808366537568,1.8692331758064549,0.0015346104502724064
179,0.2924157381057739,0.029491509345681944,2.5174880344395114,0.0018788518240528214
180,0.24288450181484222,0.035036753281884214,2.6945030578477285,0.0007872632260330828
181,0.14579890668392181,0.005569721102313803,1.0220920522145744,0.000144567355981702
182,0.08630179613828659,0.015027065503695536,2.0078512986078034,0.0014531784533340468
183,0.045733146369457245,,,
184,0.05706821009516716,,,
185,0.25136563181877136,0.03195075396972456,2.792160247934974,0.0014239643888284265
186,0.15366464853286743,0.007208346956804059,1.099376833417483,0.00018471070243970995
187,0.08877589553594589,0.008246732227390679,1.123355224791315,5.5514268649524885e-05
188,0.14139088988304138,0.009523538994122893,1.7009771537799614,0.00043932606335053573
189,0.15257327258586884,0.008906561174115424,1.3398601851162364,0.0005491111686715615
190,0.10869859904050827,0.002125632750461234,0.4069226892890332,1.2052447375011905e-06
191,0.09416958689689636,0.007799937936442523,1.1404838960989592,0.00014979114368208202
192,0.1448642611503601,0.009015374140581803,1.300977503194462,0.0001356150639224844
193,0.1588802933692932,0.01153062294457217,1.6183969341949176,0.00010479029238461101
194,0.14762526750564575,0.008644859064917684,1.497304914569364,9.737785941894077e-05
195,0.30312997102737427,0.013686359239461779,1.9550209915400603,0.0007832797273869332
196,0.08091054856777191,0.007067859852037914,1.0649670239021287,9.114156880479294e-05
197,0.3861314356327057,0.04191095973106627,4.354701481336224,0.006555212958798571
198,0.13315452635288239,0.00824393105995491,1.1659360220290849,2.559916916776271e-05
199,0.20507368445396423,0.017349892814996312,1.333575111613195,2.5645400815322422e-05
200,0.4431321620941162,0.08027804982798101,3.7311141532662155,0.014207794970504777
201,0.030025407671928406,,,
202,0.1339605301618576,0.00956552278435023,0.9950495760249943,4.820441193519412e-06
203,0.08793080598115921,0.0069176706559558356,0.973267051860767,2.453348102240925e-05
204,0.41844430565834045,0.026156877698589896,1.771260457697094,0.0036218807895410433
205,0.15942464768886566,0.020937809060173253,2.630697891912086,0.0017835999659915874
206,0.07043557614088058,,,
207,0.08581138402223587,0.004038038425524882,0.6120176724836887,3.78289978151055e-05
208,0.17391419410705566,0.014204142313990396,2.056100333391598,0.002697141716492604
209,0.5699201822280884,0.04461281506448895,2.4072355089028012,0.016225424737550394
210,0.12040756642818451,0.005047944225331513,0.7639104606069601,2.765211075600352e-05
211,0.29299601912498474,0.06659801679571563,2.2973265683518886,0.004729147371507125
212,0.3016218841075897,0.019391057403897675,2.170937267446938,0.0011117201640288932
213,0.08717096596956253,0.008181816124925174,1.168782060645898,0.0011458526709028525
214,0.5425905585289001,0.03112282674012426,3.8785676907432016,0.002602747446856043
215,0.681667149066925,0.038952127113598044,5.260088639236721,0.002992511180932136
216,0.16757084429264069,0.026431283466013925,2.5321943344324533,0.0035714342826376356
217,0.06036701798439026,,,
218,0.07629428803920746,,,
219,0.16206097602844238,0.006899623814346245,0.9644413606207023,1.4460405968923462e-05
220,0.11996643990278244,0.007292847454328856,1.2541654671773668,3.1886991397588257e-05
221,0.29112496972084045,0.02365439044370973,1.8684995577943946,0.0034137904960148727
222,0.22997578978538513,0.019158086268530578,1.8728808096633047,0.0009114079459570682
223,0.07800073176622391,0.00515114794029061,0.7606614900750475,3.250568717710827e-05
224,0.04553017392754555,,,
225,0.11431904137134552,0.010723204547291993,1.501972582109609,0.00014061601416264104
226,0.4655150771141052,0.06996444033032492,3.329632593714736,0.005038464114999458
227,0.11275308579206467,0.008774215558640476,1.1810696918506807,5.727516479729428e-05
228,0.2997816503047943,0.03453855474444918,3.5678215101226973,0.007832085066124223
229,0.19893138110637665,0.01870866473806449,2.244868960478888,0.0007281663904129517
230,0.17385230958461761,0.018661200698091258,1.632324179146218,0.0010170078916189947
231,0.07892853766679764,0.005091873652805872,0.7458981621380624,1.068436005443698e-05
232,0.13402694463729858,0.016569678229704683,1.9893409093978367,0.00020093071587203427
233,0.08702129870653152,0.004549424376107066,0.6691364332811798,1.6867783971687488e-05
234,0.11761384457349777,0.010283342958801475,1.8576750814173142,0.00035983972219743893
235,0.25251224637031555,0.01795032797659702,2.77884654522575,0.003581946341761772
236,0.17211975157260895,0.014433124254201818,1.5481961876652852,0.0016899006194650767
237,0.0717136338353157,,,
238,0.5280263423919678,0.04338873510500554,3.267804670274567,0.0064178997687980915
239,0.22585530579090118,0.013028266355033983,2.154070071358496,4.5284989805491525e-05
240,0.14576153457164764,0.002395717344450472,0.5112773082785426,8.913219792888404e-07
241,0.17942123115062714,0.013250599771543645,2.1383034485158334,2.643179384586473e-05
242,0.14531224966049194,0.008118902699662747,1.473064884779715,3.0404730082786147e-05
243,0.0669221580028534,,,
244,0.6883097887039185,0.06833134079981554,3.8856514369597317,0.00458410417948386
245,0.10288317501544952,0.014788468916154287,1.8157426979689264,0.0005030258350652734
246,0.1619795262813568,0.014004193880813285,1.456079091304956,0.0004151817425644549
247,0.1414272040128708,0.005106176097080608,0.7385332011070604,8.424202001969147e-05
248,0.1383652687072754,0.007776783693470414,1.527946053424745,0.0001187925351546956
249,0.3686393201351166,0.05150448505998945,4.845166843977934,0.002078443281234301
250,0.06884258985519409,,,
251,0.0545695535838604,,,
252,0.07169322669506073,,,
253,0.181290403008461,0.013752896257144724,1.3305959604501851,0.0004441317997163291
254,0.05549107491970062,,,
255,0.21515485644340515,0.019391827418179967,2.5911245095551414,0.001102781605993967
256,0.14597344398498535,0.018497746164258245,1.712674673485464,3.075431517010003e-05
257,0.12346865981817245,0.009218084635918906,1.3018815269667798,0.00017406818091251922
258,0.1750178337097168,0.0053777139566552916,1.0851570376173618,5.0007388101411716e-05
259,0.35131725668907166,0.026396169751336122,2.4071881186566584,0.0007396341587723061
260,0.15618522465229034,0.008452014106964575,1.0622634279535772,0.00010849124184994513
261,0.14362680912017822,0.00806687392300147,0.911401001906033,1.1220466698121462e-05
262,0.24140211939811707,0.03503088516287527,2.7152372233778177,0.001331364349752499
263,0.5379627346992493,0.02724970327606131,1.9902407544599023,0.005413773100795417
264,0.23178675770759583,0.012495934139009792,1.8706893231199515,4.25050745084308e-05
265,0.06856166571378708,,,
266,0.09942303597927094,0.005212706468760148,0.7759711530327145,7.628430095044046e-05
267,0.15971605479717255,0.010821731169750586,1.0473319293439152,5.6442361528069274e-05
268,0.05118044465780258,,,
269,0.08325814455747604,0.004698235651266024,0.7251338987075951,2.1868621802266653e-05
270,0.021784227341413498,,,
271,0.19019538164138794,0.014792926071306252,1.3874749245912374,4.711411854672971e-05
272,0.08755698055028915,0.006661752589277794,1.0070462556198152,5.492587941354099e-05
273,0.3130142092704773,0.041085954466732424,2.4528256131856656,0.0012371009903687667
274,0.38016247749328613,0.051130975227191254,3.2935708729233717,0.007773244455957648
275,0.23700083792209625,0.008085760999508928,1.5276706692328281,1.5117615391265293e-05
276,0.17552661895751953,0.011289512345905582,2.0246323537018283,2.9104537941776446e-05
277,0.16126680374145508,0.00912844278932713,1.4564439722083034,3.8845582420034194e-06
278,0.1704643815755844,0.013562071246982813,1.4651349260600721,3.396815148216418e-05
279,0.23914597928524017,0.013458286246305866,3.210197968955606,0.0006581024365682514
280,0.09138601273298264,0.010161668244177307,1.392928329598401,6.206358161784321e-05
281,0.033496398478746414,,,
282,0.09342798590660095,0.007258536448039081,1.0104177362951798,6.3502639774880046e-06
283,0.26533547043800354,0.019139997269469668,2.138831239622227,0.00047652026536379173
284,0.21955035626888275,0.016310157213073547,2.0921916469080974,0.0003289210523600085
285,0.11467994749546051,0.009716219434407558,1.577199056128304,6.292369467446673e-05
286,0.26591095328330994,0.022862159820314566,2.6476908461878126,0.007432041947687113
287,0.2642822265625,0.008943218132413134,1.17968083834317,0.00014365588764111273
288,0.05635711923241615,,,
289,0.19364246726036072,0.01878349229952084,2.1548739029905533,0.0003019384582233387
290,0.3054015040397644,0.04868082154747111,4.7873804011143575,0.026001207583934486
291,0.12742556631565094,0.010323280756452302,1.0883027396716711,4.1336378233620695e-06
292,0.09323229640722275,0.00750409614198844,1.1262157615393678,3.0423780763152315e-05
293,0.2777469754219055,0.019139934835283725,1.721518445322155,0.0004366057361910592
294,0.1208978071808815,0.009141381801049824,1.5289461593445763,4.040707350864924e-05
295,0.02990599535405636,,,
296,0.16065829992294312,0.011404261556326704,1.3947102632123096,4.878815543933954e-05
297,0.2624509930610657,0.022767410834840823,2.2885493599605025,0.0004608851908695682
298,0.16830158233642578,0.010567885766128136,1.2026859495285007,7.677231926253988e-05
299,0.07215211540460587,,,
300,0.12826918065547943,0.016227502962880853,2.005348803622885,0.0001773758939064214
301,0.1283961981534958,0.011651597969708598,1.6200043188999718,0.00237683880678931
302,0.16582955420017242,0.016038202440052066,1.2472142041926644,0.00045415822747735984
303,0.059946704655885696,,,
304,0.06683266162872314,,,
305,0.15603089332580566,0.012438091394645624,1.6359735643217224,8.53149333267126e-05
306,0.19076260924339294,0.005632996098422505,1.5424693919619326,1.2819395918535109e-05
307,0.3450316786766052,0.020937023704744522,3.1794683729688717,0.001470781273496523
308,0.11100618541240692,0.009762379832786291,1.2712588741853839,0.0005998231486935817
309,0.08870777487754822,0.004534498706801997,0.710204196982806,1.325126901727085e-05
310,0.2647300362586975,0.024255189377349353,3.5257581124633104,0.001475189571833696
311,0.12464103102684021,0.011621739879151709,1.7630084906954493,7.241066597829766e-05
312,0.221098855137825,0.013676348856160335,3.0401971918151762,0.0006854340533113843
313,0.13230420649051666,0.0063916927072155535,1.0653735395816535,2.5545434512570032e-05
314,0.3157881200313568,0.019643696451823574,2.4990519054440536,0.0009002506187834983
315,0.26082590222358704,0.012861224941544834,2.281901909714559,0.00022086747703669576
316,0.12997007369995117,0.008089699211158617,1.0263807306823816,2.3491731853961008e-05
317,0.14946797490119934,0.009596604161088368,1.5990638988350891,0.00017921957700916952
318,0.11568880081176758,0.00893013958494307,1.1435046474218438,2.0575769424787158e-05
319,0.2702791392803192,0.02401520400827632,2.323182768199283,0.0029447255738987007
320,0.1823967546224594,0.01105904037810376,1.4746146301107999,7.242811548168817e-05
321,0.09272044897079468,0.013745425619016604,1.7490233029812188,0.0002670232616850594
322,0.08921441435813904,0.004457132565238051,0.6511450025107753,8.53879583755675e-06
323,0.2702847719192505,0.02030828604174393,2.0333979743763435,0.0005941256435266774
324,0.09528154134750366,0.006401733231017222,1.047374219307682,5.759336140658219e-05
325,0.08012352138757706,0.004969694029704131,0.7749443754798732,0.00011429897994222278
326,0.33419275283813477,0.03385993517220311,4.02796357883841,0.004614201693301461
327,0.19107812643051147,0.016009707662407686,1.3320297082074763,0.00013774172579445064
328,0.696661114692688,0.050691879090177784,5.293838251659836,0.003599813981486807
329,0.14602074027061462,0.00740128363464011,1.0778853956090888,1.6287254201307544e-06
330,0.11974647641181946,0.013514544887958738,1.5750332850390145,0.00021134206574007435
331,0.7940301895141602,0.030553791565383077,3.395255473498599,0.003385960194902305
332,0.4642512798309326,0.07013759164473234,3.0207273221901634,0.012136840164252826
333,0.09498478472232819,0.005967094348416517,1.0580565712189094,7.041699629371028e-05
334,0.12079492956399918,0.010929773232913541,1.36851344654288,6.015342676557327e-05
335,0.10415978729724884,0.010317330140307557,1.604289173615453,0.00032639397118226174
336,0.16671088337898254,0.011150380718361002,1.3879090449922225,0.00012044065207324468
337,0.374627023935318,0.02381814940126079,2.8237589893549786,0.0007275954641109272
338,0.11618562787771225,0.008217539364450134,0.9974473926987545,4.557144888437103e-05
339,0.24565473198890686,0.013076816734825436,1.4932521759426287,5.848210086144421e-05
340,0.05408196523785591,,,
341,0.1608145833015442,0.011271510948909925,1.4144498545316733,0.00016433358093444743
342,0.1355823427438736,0.010473655722994895,1.237465057969995,3.9579789019737114e-05
343,0.0947309136390686,0.008287560201136522,1.4555522238217355,0.00101949328280628
344,0.21067821979522705,,,
345,0.05617016926407814,,,
346,0.25609463453292847,0.042350710693042276,2.4746109992929677,0.004022214035025752
347,0.058620478957891464,,,
348,0.13573674857616425,0.005993666291899493,0.8150479042464439,1.557412468750323e-05
349,0.20291832089424133,0.008326654546840296,1.2385301994181437,3.069605244709676e-05
350,0.05112097039818764,,,
351,0.0837690532207489,0.0068134568676235996,1.0951861801194471,0.00011691249757625839
352,0.35007065534591675,0.025909627571577838,1.771574090057857,0.00020884537328620743
353,0.12462452799081802,0.009570689200540437,1.88652446817436,0.0006763044199779215
354,0.04991145059466362,,,
355,0.3069911003112793,0.026865809283626158,2.3878440920689967,0.00157124154311387
356,0.05374783277511597,,,
357,0.16599708795547485,0.017836520688740594,1.6861829340943975,0.0013351498024528439
358,0.17347237467765808,0.012716214338242339,1.7190708878446357,0.00020509878847314536
359,0.27087992429733276,0.019371591503232023,1.8110813146350415,0.00016398459724621006
360,0.07616619765758514,,,
361,0.3302094042301178,0.018457501820262446,2.234472885202515,0.0012281649673303446
362,0.32746008038520813,0.034425409782750716,2.722395117627042,0.0029975301511869236
363,0.03395295888185501,,,
364,0.12992528080940247,0.006810767062698241,1.0484075136335929,6.838450763203047e-05
365,0.14554829895496368,0.0044082737123791295,0.6353779062214647,9.076495321518677e-06
366,0.37491273880004883,0.029318108413302534,3.489243587316188,0.0031738072195512256
367,0.1259472668170929,0.006238630727402527,1.0492187645371438,2.4490074549641838e-05
368,0.27502676844596863,0.015699517650757288,2.2569785978953356,0.00019072569383943972
369,0.1165652647614479,0.006363677914650264,1.1686389690705332,0.00016069250598213958
370,0.10578789561986923,0.004895357375043467,0.7224486439010983,2.9167661407754477e-05
371,0.43459177017211914,0.04525832768173888,3.9911060652902863,0.007049647336120404
372,0.1648016721010208,0.005742207627478208,0.850032596660887,4.904203805901585e-06
373,0.19622309505939484,0.01488478185389753,1.3102594402533467,1.228792272837105e-05
374,0.13068199157714844,0.00412989440827414,0.6607242400413315,2.2304154089210713e-05
375,0.12385531514883041,0.009427372514978409,1.4261729347704413,2.870668102310105e-05
376,0.20246906578540802,0.012274908532517434,1.7343488600293,2.5314349236843504e-05
377,0.08853399008512497,0.01393304525727884,2.2708439776358147,0.0002145897845355314
378,0.1320534348487854,0.010645094175025223,1.6207088759011974,0.00023819269527719744
379,0.15190458297729492,0.012689743367443157,1.6548853042750464,0.00010419900423067073
380,0.09271467477083206,0.020030336930402265,2.587236495008324,0.0007643336238758765
381,0.07088252902030945,,,
382,0.15930688381195068,0.013657832326002487,2.0367801503333287,0.0023859167512238046
383,0.058395590633153915,,,
384,0.16600900888442993,0.008336004506950517,1.834505739322951,3.651644819603171e-05
385,0.2219768464565277,0.018784804393682585,2.905289079018079,0.002025933966322767
386,0.3670051097869873,0.012268740143142146,2.5648772402796816,0.0010886642896761952
387,0.20310445129871368,0.02241886775844431,1.2523311236114232,7.333886183702152e-05
388,0.40024521946907043,0.01412360617807444,3.4005246599657637,0.0026401184587142613
389,0.33106711506843567,0.021266579995195652,2.7159524899715435,0.0017759018705969154
390,0.300203412771225,0.022021469801895288,3.174961565056723,0.00995410404651335
391,0.28354892134666443,0.018350626746854143,2.391707512173183,0.0010267939468976597
392,0.15553466975688934,0.017944669775280326,1.8541652934907091,0.0021626069604805
393,0.1563730388879776,0.008261444192089299,1.0793024620347507,3.8632795330853306e-05
394,0.07098784297704697,,,
395,0.11913520842790604,0.013067136062591984,1.3841845681945406,0.00010975853946610002
396,0.3621068000793457,0.012204873702847757,2.4129884045399512,0.0016648253366534412
397,0.36828696727752686,0.020733553822346297,2.0056586539376484,0.004976929353662987
398,0.10573969036340714,0.007346120167714752,0.8559356138830153,3.18822174811174e-05
399,0.12302194535732269,0.005069869499942595,0.6918712974763812,3.414140077069708e-06
400,0.2223949432373047,0.017683789691161925,2.26928439548582,0.0008306496249771667
401,0.5052623748779297,0.042661159305076454,6.447959932781674,0.0018346305840899724
402,0.3254564106464386,0.015080509628791967,1.7691594855156652,0.0003837857431033489
403,0.37620383501052856,0.04278395532559399,1.7214092762097943,0.02416216714141972
404,0.18862652778625488,0.013517463738088813,2.3597204896371387,0.0003188726641576722
405,0.03595765680074692,,,
406,0.10606449097394943,0.00965279332261473,1.4742227100372172,0.00014356915760070196
407,0.07545505464076996,,,
408,0.09339345991611481,0.013471226698976454,1.7349879419150493,6.752171697344128e-07
409,0.2508358657360077,0.017980794048645696,1.764079443081114,0.0002753264699694191
410,0.30471429228782654,0.02568196875072487,4.069690457716924,0.003565989236196738
411,0.05682215839624405,,,
412,0.24034050107002258,0.010157587740129507,1.6056563920322477,1.1029087125365415e-05
413,0.26982203125953674,0.020257855126704048,1.3577001766765342,0.0003688594458323707
414,0.09057243168354034,0.005271703815008015,0.7474456224954944,8.928478011650038e-07
415,0.2054826021194458,,,
416,0.17494937777519226,0.00936635116349627,1.009298410463695,5.084777567569059e-05
417,0.5754684805870056,0.1188493547309706,6.291899176843825,0.04335865651097326
418,0.09569265693426132,0.005405179582536624,0.8339189912387869,0.00011321457084389157
419,0.11294422298669815,0.009809262083284217,1.160321961862696,3.1373356488911114e-06
420,0.4434695541858673,0.017116109116837284,2.0705415042057016,0.005452278895537318
421,0.15408897399902344,0.009647861595598689,1.375032885309585,1.4135252805223481e-05
422,0.12422867119312286,0.00982738861380247,1.2920764023966704,4.25507007699398e-05
423,0.36035260558128357,0.01498437311309702,1.930064118749928,0.0008760512034665166
424,0.09609711915254593,0.005175943134422373,0.7461361521274278,1.9391713838627306e-05
425,0.3278296887874603,0.022934717412188062,1.4606868155209296,0.0008589996579600179
426,0.14914144575595856,0.009435117860284059,1.1012861555426792,4.412882185849273e-05
427,0.1469368040561676,0.008844212903613232,1.0171099316666128,3.5332809592084203e-06
428,0.14106158912181854,0.005542618108651665,0.8404584414096277,4.290955185720527e-05
429,0.2145596444606781,0.013376234222591972,2.3736112464885557,0.0009819310837675024
430,0.10641171038150787,0.013742698475638497,1.7735593894747468,0.0037469080436591394
431,0.11150652915239334,0.010084617752514466,1.4528297088790991,0.0012206036855275824
432,0.030387474223971367,,,
433,0.1269850730895996,0.010805465142356708,1.3942657240149907,0.0010512213879937098
434,0.09495843946933746,0.009270588973538553,1.285122514160763,6.156165464479176e-05
435,0.06467345356941223,,,
436,0.045657929033041,,,
437,0.245785191655159,0.015016403952853766,1.9998382328123874,0.00011109499708382924
438,0.15869292616844177,0.01001947727835791,1.158517783371048,7.696985597041768e-05
439,0.4214033782482147,0.04485710086972252,3.835399477007336,0.013196466286717452
440,0.24956493079662323,0.013695675469851487,3.251327011224936,0.003371541315015585
441,0.2663451135158539,0.01059219418601143,1.9798213191576037,5.616911584755827e-05
442,0.1773252785205841,0.012067308829613146,1.727212484919785,0.0007260080343508178
443,0.04314989969134331,,,
444,0.11103283613920212,0.019523565182657538,2.1698474038824194,0.0075900531527744
445,0.2527240216732025,0.012938705549896835,2.9944246088087474,0.0011385993153009944
446,0.09534776955842972,0.00900776298253756,1.1534669018837906,7.855479934585651e-05
447,0.31243982911109924,0.03584910905702066,1.6110693223592951,0.046724286559866365
448,0.674694836139679,0.14083234967609143,4.337554730531571,0.024670208186904678
449,0.4935322403907776,0.07842253918990269,1.9910721498502757,0.019171187967895967
450,0.08208075165748596,0.0049973785220205,0.8052480354627974,2.1197658324530273e-05
451,0.15490643680095673,0.011456833625594114,2.1810400399575087,0.006517629383108604
452,0.15548086166381836,0.01942559769331561,2.6994664906917025,0.0181850767749056
453,0.14648522436618805,0.019895033322145057,1.9840203453021037,0.0006665983060821284
454,0.2701699435710907,0.0191296821323266,1.9453171623244414,0.0016591416004152271
455,0.04926099255681038,,,
456,0.29423296451568604,0.04162848242904904,4.903445997222748,0.001074019958077885
457,0.10109825432300568,0.00811609367285718,1.0641540410635002,1.8092657382856073e-05
458,0.4844362437725067,0.039690495988813794,5.04408944041378,0.0037996602114972614
459,0.09037210792303085,0.0047346726759088156,0.6997008758910543,1.1370315203222943e-05
460,0.0797438696026802,0.005154569036339538,0.7812684293294998,3.316372213490477e-05
461,0.27446433901786804,0.015114260130670269,2.2000773714454986,0.00010159877588320463
462,0.08927270025014877,0.008255688649980572,1.2995450099804131,0.00012240219638945296
463,0.045566193759441376,,,
464,0.2301236093044281,0.022618760762358713,2.024559110076867,0.0002919136347529863
465,0.14151258766651154,0.011311235545025613,1.4108574824776328,0.0004266178336778212
466,0.16104690730571747,0.02312810066382837,1.6834668269127921,0.00012375695185025341
467,0.12882159650325775,0.00893797282911396,1.2193041413290446,5.612698655640645e-05
468,0.23757438361644745,0.014916228651194489,2.2839556548306867,0.00022148934066186892
469,0.10332033038139343,0.004880351117893341,0.8229081869474157,2.8112273071928135e-05
470,0.03251178190112114,,,
471,0.08603554219007492,0.00747690439090853,1.095705176737541,0.00014252606324152665
472,0.07900327444076538,0.007549556288245888,0.9871523999261369,1.5026154673665511e-05
473,0.17088888585567474,0.01616301961174278,1.8220703380968275,0.0004597892776555068
474,0.07188324630260468,,,
475,0.19381271302700043,0.009262776405507236,1.8689114955299375,0.00013916263104368315
476,0.14325930178165436,0.011253570296589303,1.4690642980151019,2.9948104791400792e-05
477,0.1305147260427475,0.009893543300801172,1.5421374861743917,4.053814149981058e-05
478,0.12424007803201675,0.005587939576176843,0.81670249561215,2.7254648413318e-06
479,0.07916481792926788,0.008294399766809147,1.1035645645839782,4.1673188486121665e-06
480,0.07185664027929306,,,
481,0.18865004181861877,0.008218212753060393,1.299468072443314,3.0627643938322156e-05
482,0.2532350718975067,0.01976301202527689,1.9575568673444972,0.0003358197941947154
483,0.14422465860843658,0.008716371199907048,1.2635606421322079,0.0009151414804620814
484,0.47808676958084106,0.050940482121385196,5.0040577720775445,0.003937902112200686
485,0.1141538918018341,0.004656953353941019,0.7881889786668281,0.0005977229325719941
486,0.17257176339626312,0.014253425270568483,1.6941415586558142,9.224311092787437e-05
487,0.28087496757507324,0.021005565911516155,2.3932272542443793,0.0003793832321577159
488,0.34681522846221924,0.01675214319787891,2.3678891778487827,0.0016671087905666766
489,0.6608335971832275,0.08772831740557165,2.4249757703466788,0.012778027973111311
490,0.3028107285499573,0.0207588479284491,2.0210730281995772,0.0008566105709167146
491,0.3417513072490692,0.03451415414607514,2.492320165942003,0.013971226422116125
492,0.04396026208996773,,,
493,0.3060568869113922,0.03841234264267089,2.0283596207288843,0.001157646583143427
494,0.1465955227613449,0.006596883714299722,1.410556404252368,1.727271093135581e-05
495,0.05000809207558632,,,
496,0.5055996179580688,0.033303533111139906,3.1108360672355615,0.005107093853452667
497,0.2624514102935791,0.02870015193534946,2.3306934708225153,0.001044428075771557
498,0.11989563703536987,0.009470253766344925,1.3540383527870046,5.019015056902909e-05
499,0.20837190747261047,,,
